[25 23 23 ... 13 21 30]
[18 15  9 ... 42 28 12]
[24 16 13 ... 37 58 52]
[23 13 15 ... 47 23 24]
[40  6 13 ...  9 22 30]
[20 25 21 ... 42 34 26]
[28 12 16 ... 30 18 37]
[15 29 60 ... 15 12 35]
[34 30 42 ... 25 17 12]
[33 35 37 ... 43 27 24]
[11  7 21 ... 15 28 42]
[ 8 30 46 ... 31 40 49]
[33 40 28 ... 34 33 32]
[34 33 36 ... 56 39 31]
[ 9 15 29 ... 35 22  8]
[47 31 28 ... 49 33 20]
[ 7 33 48 ... 21 24  6]
[32 53 30 ... 29 46 31]
[24 13 14 ... 18 17 35]
[35 39 24 ... 16 22 13]
[19 19 12 ... 29 23 33]
[12  7 12 ... 16 31 16]
[26 19 20 ... 13 13 22]
[15 29 40 ... 25 24 12]
[17 19 37 ... 18  8 31]
[ 9 30 14 ... 46 28 27]
[36 35 19 ... 29 20  3]
[19 19 43 ... 19 22 16]
[42 24 26 ... 29 37 35]
[16  8 26 ... 57 27 30]
[17 12  8 ... 25 37 22]
[27 11 28 ... 14 14 19]
[15 27 31 ... 70 27 38]
[30 24 23 ...  6 16 25]
[31 35 33 ... 60 72 50]
[15 44 27 ... 30 19 14]
[ 6  9 26 ... 31 15 47]
[13 15 23 ... 15 21 30]
[18 27 18 ... 30 33 49]
[18 23 27 ... 19 17 19]
[33 48 63 ... 34 34 23]
[21 39 39 ... 25 10 26]
[39 25 33 ... 19 12 21]
[41 19 19 ... 63 26 15]
[22 14 19 ... 33 30 23]
[43 36 38 ... 14 30 25]
[37 58 78 ... 15 21 37]
[37 44 60 ... 18  7  9]
[38 37 14 ... 29 23 21]
[20 18 38 ... 51 38 29]
[25 10 22 ... 26 24 27]
[41 33 24 ... 17 18 12]
[ 8 10  6 ... 26 44 56]
[24 53 60 ... 33 57 55]
[ 8 52 74 ... 22 12  2]
[51 38 17 ...  7 22 17]
[20 24 39 ... 18 14 31]
[43 24 45 ... 50 37 14]
[40 25 28 ... 16 28 33]
[25 52 23 ... 24 19  8]
[23  8 20 ...  8 18 48]
[66 49 37 ... 17  8 20]
[16 31 23 ... 27 23 29]
[23 22 22 ... 61 32 28]
[27  8  6 ... 15 16 22]
[13  9 15 ... 27 20 18]
[27 50 32 ... 12 28 36]
[32  7 21 ... 39 35 19]
[16 22 46 ... 18 25 32]
[27  8 32 ...  6 23 44]
[13 19 13 ... 25 19 17]
[15 19 32 ... 98 84 37]
[18 14  9 ... 27 42 38]
[19 14 15 ... 12 12 24]
[12 18 18 ... 13 14 27]
[24 10 16 ... 28 28 16]
[48 12 17 ... 18 22 59]
[48 19 30 ... 46 35 23]
[15 21 24 ... 41 50 21]
[ 7  8 27 ... 33 23 68]
[22 41 48 ... 14 13 31]
[19 33 25 ... 48 19  0]
[35 20  5 ...  7 19 10]
[38 25 24 ... 11  6 11]
[27 47 27 ... 31 43 55]
[34 28 18 ... 32 25 20]
[17 18 47 ... 17 16  7]
[22 24 13 ... 23 26 24]
[19 11 15 ... 31 20 32]
[57 54 20 ... 37 13 19]
[15 23 51 ... 64 20 14]
[12 22 15 ... 55 69 37]
[28 10 21 ... 13 20 45]
[29 20 46 ... 14 23 24]
[28 26 36 ... 34 21 20]
[25 30 17 ... 31 36 11]
[37 42  8 ... 38 66 33]
[28 34 28 ... 16 14  9]
[58 31 17 ... 36 42 29]
[17 40 40 ... 47 39 44]
[67 70 29 ... 25 19 17]
[26 18 28 ... 17  9 12]
[17 21 19 ... 22 15 27]
[38 23 30 ... 39 27  9]
[65 33 36 ... 10 17 14]
[ 8 32 67 ... 21 26 33]
[49 30 27 ... 20 11 32]
[67 37 23 ... 23 45 33]
[26 16 12 ... 44 19 38]
[48 44 79 ... 37 20 15]
[29 25 31 ... 14 28 32]
[32 35 36 ... 35 12 25]
[19 29 65 ... 19 18 17]
[43 46 52 ...  6 15 10]
[25 18 22 ... 26 12 19]
[24 35 62 ... 34 18  3]
[ 5 20 40 ... 50 35 18]
[26 20 16 ... 30 28 22]
[59 32 17 ... 12 21 23]
[34 22  7 ... 45 46 28]
[40 18 13 ... 27 16 24]
[14 37 72 ... 26 19 19]
[28 21  7 ... 28 43 42]
[12 18  9 ... 20 33 25]
[13 10  8 ...  9  2 45]
[37 48 27 ... 32 37 43]
[28 25 19 ... 36 18 23]
[16 45 52 ... 27 12 18]
[41 32 21 ... 25 41 34]
[27 27 20 ... 16 37 19]
[11  7 23 ... 24 28 24]
[22 36 48 ... 77 47 16]
[33 15 21 ... 26 15 16]
[21 44 44 ... 25 30 21]
[35 29 10 ... 17 29 18]
[18 35 48 ... 63 26 63]
[19 29  8 ... 28  5 32]
[27 32 11 ... 41 53 69]
[ 7 12 28 ... 60 43 58]
[25 14 23 ... 11 19 33]
[15 26 34 ... 60 40 47]
[19 33 21 ... 11 20 36]
[15 20 31 ... 24 10 31]
[23 20 44 ... 40 69 66]
[21 37 38 ... 18 16 27]
[23  8 19 ... 26 28 16]
[42 45 42 ... 14 24 19]
[23 30 13 ... 19 27 18]
[19 29 40 ... 45 19 13]
[12  4 23 ... 34 34 19]
[ 7 13 22 ... 58 19 17]
[23 26 24 ... 12 36 30]
[19 29 24 ... 29 19 22]
[28 23 14 ... 30 19  6]
[12 10 11 ... 32 60 54]
[53  4 28 ... 18 10 18]
[28 40 21 ... 42 31 25]
[43 61 53 ... 29 28 29]
[22 20 24 ... 74 47 36]
[24 18  8 ... 21 25 22]
[26 31 11 ... 26 35 57]
[22 29 27 ... 16 28 21]
[41 38 31 ... 49 22 36]
[56 31 23 ... 14 16 21]
[14 34 37 ... 22 24 18]
[78 78 30 ... 20 29 38]
[36 11 43 ...  2 15 14]
[36 21 36 ... 15 24 14]
[41 52 97 ... 30 73 42]
[109  92  45 ...  27  14  15]
[19 53 29 ... 19 17 21]
[25  7  4 ... 22 16 31]
[17 19 25 ... 18 22 29]
[18 18  5 ... 22 12 13]
[12 53 41 ... 47 53 16]
[29 47 28 ... 18 11 19]
[19 61 77 ... 20 37 21]
[23 23 17 ... 16 24 41]
[36 46 44 ... 24 25 15]
[61 33 29 ... 15 10 25]
[29 29 29 ... 24 22 32]
[28 64 62 ... 24  8  9]
[19 46 33 ... 42 34 27]
[45 12 17 ... 14 11 11]
[39 27 29 ... 32 19  8]
[26 14 10 ... 63 41 33]
[38 15 11 ... 11 25  9]
[13 12 16 ... 54 33 20]
[23 16  8 ... 18 16  8]
[28 36 55 ... 18 28 28]
[17 12 16 ... 33 46 37]
[48 35 27 ... 20 31 28]
[29 23 25 ... 20 23 13]
[12  8 15 ... 25 30 24]
[34 19 24 ... 34 19 19]
[17 14 56 ... 16 12 36]
[18  5 15 ... 33 12 22]
[39 47 18 ... 22 16  7]
[ 7 11 10 ... 78 46 26]
[21 21 34 ... 65 63 23]
[14 23 37 ... 33 35 43]
[25 27 19 ... 21 22 32]
[36 34 25 ...  7 15 26]
[11 24 37 ... 29 31 50]
[21 32 31 ... 17  4  9]
[30 23 30 ... 36 31 33]
[27 44 61 ... 44 51 18]
[36 32 43 ... 21 35 44]
[25 16  9 ...  6 27 25]
[48 48 21 ... 24 12 29]
[16 16 14 ... 34 16 24]
[47 33  7 ... 52 62 21]
[26  8  9 ... 19  7 15]
[28 29 48 ... 29 22 42]
[25 43 37 ... 35 32 30]
[24 29 26 ... 14 10 31]
[17 39 78 ... 36 15 32]
[22 17 22 ... 25 17 11]
[60 49 29 ... 14 11 21]
[26 44 28 ... 33 45 51]
[17 13 13 ... 12 17  8]
[54 49 36 ... 21 44 43]
[50 53 15 ... 34 40 22]
[21 44 59 ... 37 75 70]
[22 23  9 ... 32 54 63]
[34  8 22 ... 10 27 10]
[18 25 67 ... 39 42 22]
[37 63 29 ... 11 12 16]
[27 29 33 ...  4 25 35]
[31 23 23 ... 37 19 25]
[63 32 44 ... 20 18 17]
[14 14 40 ... 25 18 15]
[44 75 43 ... 19 20  8]
[10 19 23 ... 26 29 18]
[16 15 11 ... 13 33 36]
[30 23 21 ... 35 22 22]
[72 22 55 ... 46 14 32]
[20 24 31 ... 22 16 31]
[33 20 21 ... 10 13 31]
[ 5 16 15 ... 33 24 43]
[32 36 18 ... 25 34 20]
[16 21 24 ... 27 26 16]
[14 40 62 ... 14 27 39]
[57 36 21 ... 31 37 32]
[20 11 14 ... 36 14  7]
[22 29 25 ... 39 25 34]
[16 19 26 ... 11 13  8]
[22 26 25 ... 10 15 22]
[28 20  7 ... 19 21 10]
[24 32 29 ... 32 37 36]
[43 26 23 ... 16 25 23]
[38 63 42 ... 31 20 28]
[ 9 17 14 ... 22 15 17]
[39 42 34 ... 11 14 35]
[39 58 44 ... 28 21 63]
[ 5 27 29 ... 23 23 21]
[18 19 16 ... 20 23 24]
[42 36 17 ... 40 21 16]
[31 32 16 ... 11 17 42]
[19 20 22 ... 26 21 19]
[18 25 27 ... 23 13 17]
[31 21 45 ... 53 46 34]
[19 20 21 ... 20 23 31]
[20 18 12 ... 19 44 18]
[14 16 13 ... 19 20 18]
[34  7 11 ... 21 25  4]
[38 24 23 ... 25 21 35]
[25 34 16 ... 35 22 32]
[22 14 19 ... 30 24 10]
[27 18 23 ... 51 30 28]
[28 14 16 ... 17 12 31]
[33 12 39 ... 16 25 31]
[18 16 22 ... 23 22 21]
[23 19 17 ... 28 35 42]
[ 12  14  17 ... 135 123  68]
[11 28 32 ... 21 32 41]
[35 43 51 ... 47 68 54]
[22 34 29 ... 18 15 50]
[21 60 52 ... 15 29 33]
[29 16 30 ... 25 22 39]
[62 24 19 ... 36 23 19]
[41 45 45 ... 29 30 33]
[34 16 24 ... 26 38 18]
[49 46 18 ... 30 67 27]
[ 5 21 52 ... 81 36 16]
[25 21 30 ... 36 54 31]
[45 56 34 ... 12 19 18]
[20 32 43 ... 22  3  9]
[42 72 41 ... 12 27 26]
[38 48 33 ... 41 32 20]
[45 21 22 ... 35 41 46]
[57 89 69 ... 30 41 57]
[58 80 43 ... 60 40 35]
[35 54 42 ... 10  6 27]
[31 26 12 ... 19 41 31]
[19 25 36 ... 22 28 27]
[19  8 29 ... 38 47 37]
[50 43 50 ... 34 12 20]
[55 23 18 ... 14 13 37]
[19 14 14 ... 40 47 14]
[21 36 15 ... 23 36 26]
[24 21 21 ... 35 32 23]
[38 29 16 ... 33  4 13]
[36 15 16 ... 46 28 45]
[17 42 37 ... 13  8  3]
[69 52 19 ... 15 23 22]
[19 15 22 ... 22 19 27]
[27 23 21 ... 38 20 12]
[21  4  5 ... 74 31 34]
[51 37 10 ... 48 43 23]
[26 14  5 ... 10  8 17]
[21 29 16 ...  8  0 26]
[27 19 19 ... 16 25 13]
[ 6 11 28 ... 29 36 30]
[35 25 30 ...  5 14  9]
[42 41 28 ... 21 21 39]
[16 10 34 ... 13 15  3]
[10 26 33 ... 20 21  7]
[23 32 38 ...  9 16 16]
[27 19 23 ... 57 35 16]
[47 12 15 ...  4 32 21]
[ 8 22 16 ... 12 26 29]
[25 27 14 ... 13 14  0]
[30 36 35 ... 18 18  6]
[29 20 46 ... 25 20 26]
[23 27 10 ... 25 29 24]
[33  8 12 ... 26 29 28]
[13 20 49 ... 10 21 26]
[36 28 28 ... 29 22  2]
[49 52 29 ... 21 19 25]
[ 7  0 12 ... 33 48 31]
[46 32 51 ... 38 36 20]
[22 42 30 ... 20  0 10]
[24 24 63 ... 36 28 12]
[42  5  3 ... 25 12 10]
[21 12 21 ... 39  3 15]
[44 40 37 ... 31  7  7]
[32 54 27 ... 11  4 17]
[32 34 30 ... 32 29 28]
[16 24  3 ... 13 12  3]
[ 8 11 10 ... 31 25 49]
[25 30 34 ... 17 30 22]
[50 41 42 ... 52 23 42]
[18 31 49 ... 47 61 62]
[24  4  4 ... 27 46 69]
[18 59 54 ... 17 12 17]
[10  0 19 ... 42 40 14]
[25 42 58 ... 15 30 48]
[40 61 45 ... 38 34 20]
[56 33 50 ... 25 35 36]
[ 1 16  5 ...  6 27 25]
[43 28 11 ... 28 16 21]
[42 33  6 ... 18 25 10]
[ 5 24 23 ... 27  7 29]
[43  0 35 ... 23 21 21]
[41 36 18 ... 23 14 36]
[33 43  6 ... 26 31 36]
[40 29 31 ...  6 12 18]
[11 22 20 ... 20 24 33]
[21  8 32 ... 56 46 17]
[18  0 60 ...  6 19 21]
[24 11 19 ... 26  2 37]
[42 23 20 ... 45 30 35]
[35 19 15 ... 17 17  8]
[23 11 18 ...  6 25 38]
[14 21 14 ... 14 12  4]
[41 19 19 ... 26 34 55]
[17 29 31 ... 13 13  0]
[32 33 43 ... 20 18 76]
[31 31 31 ...  6 16 13]
[36 39 23 ... 26 16  8]
[16 14 43 ... 32 12  2]
[38 60 44 ... 25 15  8]
[12 25 24 ... 10 17 24]
[45 54 65 ... 18 37 57]
[12  7 18 ...  0 10 22]
[25  5 27 ...  9 16  3]
[25 19 22 ... 63 51 59]
[19 35 46 ... 31 46 19]
[47 12  2 ... 27 19 23]
[19  0  8 ... 40 25 24]
[30 38 18 ... 33 24 22]
[12 15  8 ... 17 12 26]
[40 26  5 ... 36 50 15]
[30 20 18 ...  7  0 24]
[ 6 30 52 ... 11 24 49]
[42 31 50 ... 24 23 29]
[31 39 17 ... 13 13 43]
[20 19 19 ... 27 32 47]
[21  1 14 ... 34 30 42]
[57 52 55 ... 46 33 35]
[44 16 14 ... 15 18 24]
[32  0 18 ... 36 50 34]
[22 68 50 ... 49 21 34]
[15 16 30 ... 25 31 31]
[14 19 29 ... 25 34 47]
[ 0 17  3 ... 22 28 10]
[46 13  8 ... 41 21 14]
[33 33 25 ... 26 33  4]
[34 19 14 ... 25 22 14]
[34 33 48 ... 26  7 23]
[25 27 15 ... 54 31 24]
[18 11  7 ... 23  7 23]
[40 67  6 ... 10  0 17]
[19 13 18 ... 37 36 20]
[23 14 19 ... 11  2 16]
[45 48 31 ... 35 17 23]
[28 40 39 ... 20 10 31]
[16 31  1 ... 40 18 17]
[47 23 23 ...  7  6 16]
[33 32 36 ... 23 15  4]
[25 24 14 ... 17 26 51]
[18 15 14 ... 10 15 22]
[53 64 46 ... 49 32  7]
[49 47 36 ... 36 28 22]
[12 43 27 ... 19  8 26]
[32 17 10 ... 17 25 32]
[28 11 21 ... 37 39 13]
[37  9 27 ... 47 16 22]
[44 41 30 ...  3 41 22]
[46 15 32 ... 17 32 21]
[17 21 30 ... 22  4 21]
[ 18  19  35 ...  33  50 107]
[43  8 29 ...  8 11 23]
[11 11 28 ... 43 82 58]
[36 27 12 ... 20 28 14]
[31 26  6 ... 32 27 37]
[71 37  5 ... 14 35 46]
[49 38 17 ...  8 12 33]
[31 14 24 ...  6 26 19]
[ 9 21 32 ... 34 52  7]
[15 15 11 ... 35 44 42]
[16 27 19 ... 24 29 31]
[38 33 25 ... 37 41 54]
[53 66 43 ... 36 32 54]
[11 21 20 ... 41 46 24]
[51 48 56 ... 28 25 28]
[38 30 29 ... 47 47 30]
[35 13 10 ... 76 41 23]
[11  6 18 ... 18 16 31]
[21 30  3 ... 28 33  9]
[22 13 32 ... 28 15 24]
[29 22  9 ... 36 43 42]
[25 32 43 ...  4 16  8]
[10 13 42 ...  8 11 26]
[39  5 14 ... 21 20 12]
[46 73 81 ... 31  0 25]
[39  4 26 ... 46 41 52]
[17 30 83 ... 22  8 25]
[34 34 37 ... 44 26 31]
[21 47 53 ... 13 25 34]
[14 49 30 ... 41 22 16]
[ 7 22 11 ... 29 15 33]
[45 18 36 ... 43 44 27]
[28 26 43 ...  5 22 28]
[28 13 26 ... 29 24 44]
[26 11 20 ... 15 22 19]
[41 42 37 ... 27  5 25]
[18 10  7 ... 24 28 30]
[32 23 45 ... 26 38 38]
[43  5 51 ... 16 23 47]
[ 4 26 29 ...  9 14  8]
[40 21 19 ... 16 13 19]
[16 35 66 ...  0 16 11]
[23 25  2 ... 47 51 41]
[12  1 11 ...  8 17  1]
[42  5 29 ... 26 27 18]
[14  3  7 ... 24  8 13]
[14  6 15 ... 25  5 19]
[37 11 24 ...  1 37 19]
[ 2 17 20 ...  0 14 22]
[21 13 16 ... 19 20 13]
[33 71 57 ... 38 48 26]
[41 27 14 ... 40 59 22]
[39  5 26 ... 10  9 12]
[53 14 10 ...  0 39 28]
[18  6 10 ... 30  7 18]
[49 11 42 ...  8 12 33]
[41 15  6 ... 43 32 33]
[ 5 30 44 ... 34 42 45]
[33 44 44 ... 31 30 34]
[41  7 15 ... 63 76 81]
[57 59 35 ... 25 39 11]
[48 26  0 ... 13  8 42]
[13 16 17 ... 29 16 22]
[82 97 56 ... 32 26 23]
[36 33 24 ...  2 11  9]
[16 10 15 ... 12  4 20]
[53 35  6 ... 24 33 26]
[64 23  6 ... 17 25 14]
[22 35 18 ... 36 33 15]
[22 17 38 ... 36 33 25]
[17 17 10 ... 44 46 27]
[59 78 42 ... 26 25 51]
[29 36 20 ... 34 31  5]
[50 68 64 ... 17 14 10]
[33 28 11 ... 19 34 62]
[21 41 46 ... 30  1 11]
[57 87 59 ... 67 32 14]
[27 30 23 ... 19 40 47]
[42 48  9 ... 28 21 16]
[20 10 12 ... 14 22 39]
[59 31 22 ... 31 16 15]
[13  8  7 ...  8 39 66]
[ 8  8 15 ...  9 36 35]
[28 27 14 ... 21 19 33]
[39 41 28 ... 41 23 48]
[28 19 22 ...  9 25 44]
[25 15 27 ...  8  7 35]
[30 38 27 ... 49 42 24]
[30 26 36 ... 29 38 39]
[33 21 27 ... 38 34 16]
[26 26  7 ... 50 27  9]
[16 33  9 ...  9 31 10]
[16 60 63 ...  9 31 11]
[ 8 53 67 ... 16 21 13]
[36 34  9 ... 13 18  0]
[28 21 22 ... 49 48 13]
[51  4 53 ... 35  9 35]
[46 47 16 ... 15  0 27]
[10  9 14 ... 12 14 22]
[23 13 11 ... 12  9 20]
[14  7  2 ...  3 16  7]
[15 44 52 ...  6 50 47]
[35 23 22 ... 20 11  2]
[23 51 24 ... 12 21 26]
[26  3  3 ... 27 45 23]
[ 6 11 12 ... 14 20  8]
[13 37 37 ... 32 49 25]
[21 27 24 ... 34  6 27]
[42 46 28 ... 29 21 12]
[11  1 11 ... 64 19 61]
[10  6 22 ... 18 15  9]
[29 38 76 ...  9  6  8]
[30 25 21 ... 22 24 24]
[31 13 13 ...  6  4  9]
[22  9 12 ... 52 63 49]
[ 0 14 33 ... 14 13 15]
[12  5 19 ... 91 66 24]
[ 5  4 21 ... 10 27 29]
[13 19  8 ...  3 13 17]
[12  8 15 ... 17 20 16]
[ 6 14  4 ... 46 39 12]
[ 2 15 10 ... 16 21 14]
[59 40 13 ...  4 13  2]
[17 16  4 ... 15 20  7]
[ 5 16 24 ... 15 25 13]
[54 29 18 ... 11 27 27]
[64 51 28 ... 11 18 22]
[15 41 27 ...  2  7 15]
[11 26 21 ... 39 38 20]
[27 29 11 ...  9 19 34]
[25 16 34 ...  8 15 19]
[20 12  8 ... 31 32 26]
[27 31 42 ... 40 35 33]
[ 1 17 27 ... 42 33 16]
[19 38 40 ... 21 33  9]
[11 10 14 ... 14 24 36]
[17 24 15 ... 28 27 48]
[46 22  9 ... 21 12 11]
[ 1 17 19 ... 14 17 23]
[25  2  6 ... 20 10 18]
[20 21 17 ... 13 20 24]
[32 21 12 ... 18 24 24]
[12 20 22 ... 14 13 14]
[20 29 30 ... 41 35 38]
[13 13 17 ... 23 36 40]
[25 26 24 ... 14 35 34]
[13  1  7 ... 14 19 38]
[15 13 12 ... 17  8 13]
[12 24 31 ... 30 33  6]
[12 24 32 ... 13 31 15]
[ 5  8  4 ...  6 23 31]
[45 39 27 ... 38 34 26]
[ 8 13 32 ... 12  6  1]
[34 57 54 ... 18 12 24]
[11  5 13 ...  9 12 14]
[29 16 15 ... 24 22 45]
[59 48 24 ...  8  3  5]
[ 9 14 13 ...  8 15 23]
[26 24 13 ... 14 19 14]
[ 9 19 23 ... 10 32 39]
[ 0 17 17 ... 10 19  5]
[10 20 13 ... 36 32  9]
[20 19 26 ... 18 12  7]
[37 22 65 ... 19 32 41]
[ 4 28 31 ... 34 33 24]
[ 2 32 21 ... 15 22 24]
[19 19  6 ...  5 22 28]
[28 29  9 ... 31 21  7]
[23 37 50 ... 36 27 11]
[33 13 20 ... 19 23  0]
[ 7 31 30 ...  4  4  7]
[15 22 18 ... 19 17  3]
[15 21 46 ... 15 10  7]
[31 21 13 ... 24 10 11]
[12 27 34 ... 12 11 29]
[ 2 20 18 ...  7 11  8]
[14 16 16 ... 13 59  6]
[12 25 49 ... 17  6 10]
[11  4  5 ... 30 40 36]
[30 27 32 ... 17 17 10]
[21 26 19 ... 14  9 13]
[ 9 10 12 ... 20 36 47]
[13 12 10 ... 12 10 13]
[14  3 13 ...  9 18 16]
[ 5 16 20 ... 16 21 30]
[48 48 42 ... 15 26 26]
[41 55 36 ... 14 29 37]
[33 39 28 ... 32 43 14]
[29 26 23 ... 14  4  4]
[10  4 19 ... 22 27 27]
[ 9 39 44 ... 31 37 39]
[14 20 38 ... 32 25 30]
[30 15  7 ... 12 40 45]
[28 33 18 ... 40 35 12]
[17  8  5 ... 19 42  5]
[30 28 34 ... 67 38  5]
[ 6 18  6 ... 18 24  5]
[ 6 15 15 ... 15 40 35]
[19 14  7 ...  8 35 43]
[ 7 16 26 ...  6  8 11]
[13 14 12 ... 44 59 59]
[ 3  8 11 ...  7  9  6]
[24 10  9 ...  2 15 18]
[36 23  6 ... 19 27 42]
[ 7 19 22 ... 13 13 32]
[12  8  5 ... 12 19 28]
[12 19 16 ... 27 35  9]
[10 19 17 ... 39 12 21]
[ 5 14 23 ...  5 24 22]
[15 17 35 ... 12 19 21]
[37 28 28 ... 15 15 12]
[12 51 38 ... 23 19 36]
[15  0 17 ... 30 12 25]
[25 28 17 ... 31 29 35]
[13 26 37 ...  8  6  8]
[10  9 17 ...  9  8 14]
[10 20 32 ... 17 20  3]
[ 1  8 14 ... 38 37 21]
[ 1 18 13 ...  2 30 20]
[39 12 12 ... 24 13 17]
[17  7 17 ... 21 21 17]
[17 13 22 ... 12  8 16]
[ 3 12 17 ... 19  1 19]
[27 36 43 ... 18 13  9]
[48 51 64 ... 21 13 38]
[21  6 19 ... 17 21 23]
[ 2 29 29 ... 45 18  9]
[22 28 21 ... 22 38 32]
[25 54 22 ...  9  1  8]
[13 15 26 ... 14 13 12]
[ 2 10 23 ... 17 15 20]
[18 21 27 ... 15 10  7]
[24 38 21 ...  9 12 16]
[45  9 13 ... 15 18 15]
[24 32 21 ... 25 21 44]
[14 19 19 ... 18 31 10]
[22 19 16 ...  7 13 13]
[19 23  9 ... 23 14 12]
[24 12 17 ... 15 16 21]
[19 30 26 ... 44 31  8]
[20  5 16 ...  8  0  5]
[31 28 10 ... 39 21  3]
[10 21 21 ...  9  5 17]
[19 37  9 ... 14 11 12]
[28  9  5 ... 19 46 19]
[25 31 13 ... 17 26 20]
[ 3 33 21 ... 34 29 16]
[47 60 52 ... 12 12  8]
[11 15 20 ... 21 22 14]
[ 8 26 35 ... 25 74 75]
[25 25 20 ...  9 18 19]
[37 39 22 ... 16 27 41]
[ 8 21 25 ... 12  5  9]
[33 10 22 ... 14 34  7]
[29 38 22 ... 38 52 52]
[ 7 30 32 ... 55 32 30]
[25 31 23 ... 14 58 36]
[13 13 43 ...  8  9 13]
[ 4 24 38 ...  2 10 25]
[11 13 11 ... 50 28 35]
[13  6  7 ... 12 22 12]
[37 32 22 ... 24  2 24]
[ 1  9 23 ... 21 31 40]
[15 21 22 ... 53 30 14]
[21 27 27 ... 13 14 19]
[18  5 25 ... 26 16 32]
[ 3 12 15 ... 18 17 24]
[ 9  6  4 ... 43 33 24]
[56 35 18 ... 43 42 20]
[14 12  8 ... 90 46 28]
[ 0 15 10 ... 18 18 23]
[ 8  7 33 ...  3 24 17]
[37 20 21 ...  3  4 12]
[27 17 27 ... 19 21 27]
[17 19 16 ... 56 27 19]
[12  8 25 ... 20 11 39]
[13 23 37 ... 10  9  9]
[24  4 22 ... 19 14 20]
[17 13 12 ... 11 10  1]
[18 28 25 ... 20 22 26]
[12  8 17 ...  8 19 20]
[28  9 17 ... 22 17  3]
[21  2 30 ... 22 31 27]
[56 20 20 ... 22 19  5]
[41 11 22 ... 23 21 34]
[30 25 17 ... 18 18 13]
[ 3 17 39 ... 12  6  8]
[47 39 44 ... 20 17 23]
[14 26  2 ... 23 13 15]
[41 34 11 ... 52 53 20]
[49 18 11 ... 18  4 19]
[38 26 46 ... 20 17 14]
[ 3  9 21 ... 13 11  9]
[ 4 21 30 ... 26 21 14]
[15  6  2 ... 24  3 11]
[15 21 16 ... 33 51 61]
[13 26 28 ... 13 21 15]
[21 26  8 ... 37 43 23]
[22 32 25 ... 32 38 36]
[ 2 10 23 ...  6 12 14]
[43 32 12 ... 13 25 21]
[10 20 22 ...  9 11 18]
[ 8 22 20 ... 22 11 12]
[ 4 25 38 ... 82 25 10]
[23 30 21 ... 29 17 10]
[15 42 24 ... 21 21 14]
[ 9  3  4 ...  5 21 19]
[ 2  2 23 ... 37 62 43]
[34 38 35 ... 75 71 24]
[27  9 23 ... 17 16 16]
[28  8  9 ...  0  0  1]
[ 6 30 35 ... 37 48 37]
[31 15 12 ...  6 30 56]
[18 21 34 ... 26  8 35]
[46 34  8 ... 60 55 12]
[12  3 15 ... 28 32 12]
[20 18 33 ... 38 24 15]
[ 2 18 26 ... 37 23 37]
[27 37 30 ... 53 32 22]
[15 26 30 ... 13  9 22]
[33 22 22 ... 32 28 19]
[17 23 24 ... 48 33  6]
[ 8  9 18 ... 47  7 18]
[ 5 14 16 ... 30 21 11]
[ 5 57 41 ...  3 22 20]
[19 10  6 ... 20 18 23]
[ 6  8 17 ... 37 21 32]
[30 34 32 ... 29 40 29]
[28 25 24 ... 10  0 28]
[15  8  2 ... 26 19 15]
[46 28 23 ...  9 10  1]
[34 19 16 ... 25  6 31]
[ 9 25 12 ...  9 11 31]
[11 22 16 ... 23 23 17]
[50 37 23 ... 26 19  3]
[ 7 12 15 ... 27 30 57]
[16  5  1 ... 10 12 26]
[19  5  4 ...  6 14 14]
[32 17 15 ... 32 34 32]
[17 71 67 ... 19 23 14]
[24 18  9 ... 32 36 38]
[14  3 11 ... 18 31 36]
[31 12 32 ... 19  8  7]
[31 14  8 ...  8 10 21]
[36 44 50 ... 24 12  1]
[25 40 30 ... 29  8 17]
[ 8 16 20 ...  5 21 44]
[22 14  9 ...  9  5  6]
[11 32 33 ...  6 15 25]
[37 34 18 ... 15 60 47]
[ 1 10 20 ... 38 34 43]
[25 37 18 ... 36  4 14]
[32 57 43 ... 25 14 37]
[22  7 22 ... 11  7  2]
[55 38 26 ... 14 15 24]
[16 19 19 ... 13 14 16]
[24 17  5 ...  0 21 26]
[ 36  15  29 ... 108 103  19]
[17 17 15 ... 12 56 45]
[ 8 16 26 ...  2 13 25]
[14 30 32 ... 38 67 50]
[ 7 13 12 ...  0 12  8]
[12 12 19 ...  8  8 20]
[12 23 50 ... 18 10  7]
[21  0  5 ... 32 31 24]
[ 0  7 24 ... 22 15 11]
[17 10 22 ...  8 16  5]
[17 24 24 ... 24 10  5]
[34 16 14 ... 31 18 13]
[13 32 42 ... 10 24 43]
[61 19  8 ... 21 14  9]
[13 10  7 ... 13 16 10]
[ 4 27 17 ... 48 37 16]
[17 28 26 ... 18 24 37]
[31 33 24 ... 21  2 18]
[ 5 28 30 ...  5 26 38]
[ 5 29 36 ...  6 27 22]
[24 59 20 ...  7 14 14]
[ 8 17 35 ...  6 14 39]
[15 24 47 ... 33 57 24]
[18 10  5 ... 21 32 15]
[34 24 31 ... 33 26  7]
[16  8 17 ... 20 16 12]
[21 10 10 ... 51 56 26]
[23 22 18 ... 34 12 20]
[38 26 18 ... 22 23 14]
[15 18 10 ... 27 27 26]
[25 18 17 ... 22 32 27]
[44 49  9 ... 22 39 39]
[27 20 12 ... 13 18 17]
[35 21 21 ... 20 25 20]
[21 12 10 ... 30 23 16]
[25 23 16 ...  4  7  9]
[ 9 14 22 ... 20 16 27]
[51 23 21 ...  1  7 24]
[37 19 11 ... 11  9 12]
[26 16 13 ... 35 42 51]
[34 23  5 ... 11 13  4]
[12 10 11 ...  1  8 17]
[23 18 26 ... 29 22 19]
[31 45 43 ...  4 10 19]
[ 1 19 17 ...  2 21 26]
[77 80 83 ... 25 22 21]
[14 28 25 ...  9 26 51]
[61 50 34 ... 13 20 35]
[35 23 23 ... 22 14  6]
[26 21 22 ... 18 25 17]
[15 16 15 ... 54 31 19]
[14 12 22 ...  8  6  1]
[14  4  4 ... 46 19 35]
[ 3 18 12 ... 33 54 49]
[35  9  8 ... 29  7  0]
[56 43 24 ... 55 56 23]
[16 18 19 ... 28 36 15]
[ 2  0 15 ... 43 30 28]
[14 44 53 ... 13 21 22]
[31 15 17 ... 16 23 36]
[33 22 25 ... 54 60 25]
[43  7 28 ... 53 53 37]
[ 3  7 13 ... 15 16  0]
[27 44 34 ... 24 13 12]
[ 4 34  9 ...  3 25 17]
[18  6 11 ... 26 20 34]
[15  9 13 ... 18 20 35]
[17 14  3 ... 45 42 31]
[19 20 24 ... 24 36 33]
[17 11  6 ... 35 28 28]
[13 31  8 ...  5 23 16]
[35 34 40 ... 32 19 10]
[40 28 19 ... 22 33 25]
[ 9 25 35 ... 18  5  7]
[23 31 27 ... 16  0 34]
[44 32 13 ...  0 15  0]
[ 6  4 21 ... 64 54 47]
[40 15 41 ... 30 40 38]
[21 33 43 ... 39 39 31]
[22 16  9 ... 24 30 34]
[20 25 19 ... 34 26 26]
[21 21 37 ... 42 41 33]
[41 34 59 ... 14 35 33]
[29 24 30 ... 31 50  9]
[36 22  9 ...  9 20 27]
[ 8 26 37 ... 17 33 12]
[12 21 15 ... 33 33 58]
[40 20 16 ... 29 17 30]
[27 10 27 ... 18 18 10]
[21 22  5 ... 32 37 33]
[41 17 39 ...  5 12 10]
[36 47 42 ... 37 57 45]
[32  9  3 ... 37 41 26]
[32 22 15 ... 11  7  3]
[22 78 85 ... 10  9  8]
[31  4  1 ... 11  9 31]
[32 32 21 ...  2 14 32]
[26 18 18 ... 29 17 19]
[32 12 13 ...  9 24 26]
[30 14  6 ... 16 19 32]
[37 28 13 ... 34 18 21]
[39  8 30 ... 40 46 23]
[39 41 45 ... 14 13  3]
[ 9  0 36 ...  9 11 17]
[24 46 77 ... 42 29  6]
[47 39 21 ... 37 19 33]
[29  7 19 ... 14 16 48]
[22 26 20 ... 13 24 15]
[29  7 20 ... 38 28 10]
[58 48 46 ... 51 26 17]
[31 17 16 ... 14 33 13]
[ 0 18 21 ... 26 23 34]
[42 34 25 ... 14 24 24]
[41 33 35 ... 32 32 20]
[56 67 52 ... 10  7 24]
[14 29 21 ... 33 30  9]
[21 10 21 ... 17 13  8]
[17 33 15 ...  7 32 31]
[48 17 16 ... 27 13 23]
[26 14 27 ... 33 30 17]
[44 43 41 ... 18 39 41]
[13 49 62 ... 11 10  9]
[19 18 13 ... 21 13 10]
[ 0 23 20 ... 31 74 54]
[37 42  8 ... 27  0 16]
[ 9 21 24 ... 21  5  4]
[15 11 30 ... 21 29  9]
[16  0 13 ... 22 35 27]
[21 21 29 ... 24 30 67]
[37 59 34 ... 30 12 22]
[23 31 21 ... 15 35 38]
[38 25 18 ...  2 37 65]
[25 13  4 ... 48 26  9]
[37 39 19 ... 71 33 17]
[20 34 22 ... 11 13 51]
[ 5 30 40 ... 34 35 43]
[58 38  7 ...  0 26 25]
[26 18  9 ... 38 32 19]
[22 17  2 ... 35 25 29]
[14 30 28 ... 27  7 20]
[22 20 37 ... 27 31 40]
[24 17 20 ... 33 26 33]
[30 31 34 ... 22 50 29]
[27  0 24 ... 11 30 20]
[34 29 17 ...  5  7  9]
[41 79 99 ...  7  5  4]
[28 24 17 ...  6  9 11]
[ 5 22 11 ...  9 16 22]
[60 56 26 ... 12 13 22]
[29 18  0 ... 23 27 19]
[35 22 37 ...  9  8 11]
[15 30 40 ...  8 19  4]
[41 42 31 ... 38 26 12]
[64 41 48 ... 77 43 34]
[38 41 41 ... 30 23  5]
[29 41 27 ... 10 24 18]
[33 19 10 ... 28 28 29]
[ 3 16 22 ... 16 18 10]
[32  7  8 ... 38 62 51]
[14 10  8 ... 19 17  0]
[34 16 20 ... 16  0 14]
[36 38 16 ... 30 26  4]
[34 45 44 ... 31 43 35]
[59 43 18 ... 27 37 31]
[25 30  2 ... 13 15 23]
[34 25 17 ... 35 39 13]
[23 23 34 ... 13 54 66]
[16 13 11 ... 12 16 28]
[15 22 20 ... 29 29 11]
[53  7 28 ... 71 52 10]
[ 51  17 106 ...  52  46  27]
[15 28 13 ... 47 21 21]
[40 23 12 ... 54 59 50]
[26 26 31 ...  8 23  0]
[21 34 28 ... 52 19 32]
[19 21  1 ... 17 37 37]
[36 44  1 ... 36 17  2]
[39 26 38 ... 20 14  6]
[27 31 33 ...  0  1 33]
[19 23  0 ... 12 21 32]
[ 8 25 41 ... 61 24 32]
[20  9 20 ... 14  0 18]
[36 11 47 ... 36 54 27]
[31  2 15 ... 28 22 10]
[16 26 32 ... 25 42 74]
[40 21 33 ... 19  4 14]
[20 71 50 ... 13 24 32]
[13  4 12 ... 13 51 45]
[13 19 25 ... 29 52  9]
[45 74 34 ... 24 13 15]
[78 35 32 ... 26 17 10]
[31 26 15 ... 16  4 21]
[20 52 18 ... 53 26 16]
[14 32 49 ... 14 21 58]
[ 4 15 14 ... 29 22 21]
[52 27 18 ... 41 41 21]
[17 16 13 ... 22 30 40]
[ 5 14 14 ... 57 52  5]
[35 30 42 ... 36 38 26]
[49 44 18 ... 19 38 23]
[59 37 10 ...  0  6 10]
[27 13 40 ...  0 21 22]
[22  9 16 ... 18 24 30]
[17 28 48 ... 30  8 39]
[56 43 19 ... 25 26  8]
[22 37 38 ... 53 22 32]
[ 6 10 11 ... 22 18  6]
[20 11 20 ... 34 36 26]
[ 4 32 28 ...  2  3  5]
[ 23  59 105 ...   4   2   2]
[15 22 10 ...  1  1  1]
[24 29 10 ... 55 65 34]
[15 26 44 ... 35 14 23]
[13 27 24 ... 10  9  7]
[35 13 33 ... 27 21 13]
[47 55 43 ... 11 24 15]
[52 24 26 ... 11 12 16]
[35 57  6 ...  6  4 31]
[23 21 19 ... 20 19 16]
[22 11 23 ... 15 17 13]
[50 18  0 ... 17 14 42]
[29 23 39 ... 15 14 57]
[ 5 36 37 ... 15  8  0]
[ 5 26 14 ... 18 25 40]
[ 4 34 40 ... 21  7  7]
[18 34 33 ... 30 31 21]
[26 46 37 ... 12 13 19]
[ 7 51 69 ... 30 32 37]
[61 27 30 ... 23 14  3]
[36 48 42 ... 41 26 31]
[35 34 73 ... 58 56 45]
[38 23 11 ... 31 31 41]
[28 20 25 ... 36 42 33]
[48 38 32 ... 14 36 29]
[22 27 42 ... 46 51 61]
[39 26 33 ...  5 11 30]
[10 30 50 ... 65 29  7]
[41 17  0 ... 35 25 17]
[17 23 37 ... 18 22 13]
[ 3  4 16 ... 10 23  9]
[19 29 20 ... 17 40 51]
[ 9  6 19 ... 15 26 11]
[12 35 49 ... 38 47 18]
[34 32 26 ... 14 24  8]
[10  2 18 ... 36 30 13]
[22 28 21 ... 27 49 55]
[20 25 13 ... 30 17  8]
[19 69 48 ...  3 18 14]
[32 24 18 ...  9 13 24]
[36 30 39 ... 49 49 54]
[22  9  7 ...  9  5  4]
[24 37 32 ... 19 10 18]
[25 25 61 ... 20 31 27]
[36 29 25 ... 30 31 35]
[41 17  6 ... 12 29 10]
[22 27 27 ... 21 21 53]
[29 14 24 ... 38 25 25]
[16  6  8 ... 19  1 35]
[24 29 19 ... 25 29 24]
[63 34 11 ... 25 20 17]
[19 30 40 ... 31 17 18]
[11 11 12 ... 14 14 19]
[ 6 32 23 ... 43 26 31]
[41 30 38 ...  7 21 31]
[ 5 19 23 ... 29 26 18]
[20 36 34 ... 12 15  5]
[41 29 37 ... 15 24 32]
[ 5 15 32 ...  0  0  4]
[22 22 29 ...  7  7  7]
[41 32 30 ... 29 12 11]
[45 33 28 ... 17 25 30]
[22 19 19 ... 36 34  5]
[19 28 34 ...  6 12 18]
[15 17 12 ... 25 30 29]
[46 26 13 ... 13 20 18]
[17 12 10 ... 17 33 30]
[53 53 10 ... 24 17  8]
[23 22 20 ... 34 32 12]
[10  6 19 ...  4 14 12]
[53 53 28 ... 74 44 62]
[ 1 28  9 ... 26 35 52]
[30 22 25 ... 37 46 50]
[12 13 23 ... 15  9 14]
[ 9 15 23 ... 40 40 31]
[19 23 19 ... 18 15 17]
[ 35  73 105 ...  21   7   0]
[68 37 38 ...  7 50 81]
[38 14 14 ... 11 14 35]
[21 28 19 ... 21 21 22]
[49 33 44 ... 19 12 44]
[12  0  6 ... 18  4 27]
[35 52 41 ... 18 10  9]
[31 10 11 ... 25 30 18]
[21 42 36 ...  9  0 23]
[ 6 24 25 ... 42 55 43]
[32 50 43 ... 49 32 30]
[20 21 15 ... 37 42 26]
[40 23  6 ... 41 10  8]
[12  6 25 ...  8 13 20]
[40 38 50 ...  4 13 15]
[17 21 24 ... 40 60 32]
[24 35 31 ... 34 34  6]
[53 10 36 ... 36  9 10]
[33  5 13 ... 40 37 41]
[35 41  8 ...  6 37 42]
[48 20 35 ... 37 87 77]
[44 11  7 ...  6 24 11]
[19 28 31 ...  5 19 29]
[43 17  6 ...  7 15 21]
[42 44 28 ... 30 16 47]
[59 24 24 ... 17 16  2]
[36 34 28 ... 18 22 14]
[44 38 33 ... 22 47 11]
[40 29 19 ... 20 14 20]
[39 40 34 ... 19 16 15]
[12 16 11 ... 33 19  0]
[ 8 13  5 ... 37 55 59]
[22 17 64 ... 60 69 73]
[35 26 17 ... 47 17 52]
[24 11  3 ... 46 30 39]
[15 23 34 ...  3 36 21]
[23 21 51 ... 11 17 17]
[32 30 17 ... 22 23 34]
[37 93 76 ... 12 11 17]
[16  9 13 ... 24 35 41]
[14 29 40 ... 19 26 39]
[ 5 26 18 ... 24 19 19]
[24 17 31 ...  3 16 13]
[35 33  2 ...  5  6 11]
[27  4  0 ... 19 20 15]
[13  3 11 ...  7 13 26]
[14 34 27 ... 20  4 14]
[ 8 20 18 ... 14 27 48]
[48 28 19 ... 18 19 35]
[15  9 21 ... 47 37 24]
[41 22 25 ... 35 24 48]
[10  0  7 ... 30 23 38]
[27 37 28 ...  0 22 25]
[31 49 73 ... 23  5 12]
[15  3 38 ... 15 24  6]
[17 17 11 ... 13 19 31]
[39 38 47 ... 44 39 27]
[28 48 20 ... 23 22 43]
[53 35 21 ... 25 22 24]
[65 82 19 ... 19 36 51]
[32 23 18 ... 12  6  9]
[25 49 31 ... 44 35 15]
[50 37 23 ... 21 19 11]
[26  0 17 ... 22 23 34]
[32 27 28 ... 40 18 25]
[24  8 22 ... 27 41 20]
[36 30 19 ...  5 10  8]
[18 20  1 ... 29 37  7]
[17  9 15 ... 20 23 25]
[24 19 24 ... 31 32 16]
[28 41 41 ...  9  7 15]
[21 26 30 ...  6 15 15]
[ 5  3 17 ... 12 29 14]
[21 12 21 ... 25 43  0]
[47 32 16 ... 22 21  8]
[41 19 19 ... 29 24 23]
[ 4 15 10 ... 25  9  8]
[ 7 28 14 ... 10 39 33]
[30 27  6 ... 23 15  3]
[ 6 21  1 ... 18  2 12]
[13 12 15 ...  0 11 17]
[24 14 23 ...  8  9 14]
[ 9 12  9 ... 19 28 51]
[73 55 11 ... 22 26 61]
[17 31  6 ... 26  2 14]
[15 28 16 ... 26 20 25]
[ 6 18 27 ... 22 28 24]
[39 37 28 ... 23 39 33]
[26 30 19 ... 42 24 25]
[35 10 17 ... 11  9 26]
[43 29 10 ...  6 15 28]
[10 51 73 ... 32 61 44]
[30 31 13 ... 26 28 19]
[ 9 21 14 ... 36 19 35]
[30 36 15 ... 56 21 34]
[28 19 11 ...  7 23 19]
[11  0 27 ... 11 30 42]
[15 28 26 ... 17  9 24]
[33 20 13 ... 31 25  0]
[16 20 24 ...  4 16 25]
[39 27 34 ... 20 10 11]
[36 21 15 ... 10 15 22]
[44  8 26 ... 14 19 30]
[29 17 33 ...  3  3 12]
[24  7  8 ...  0 12 41]
[17 11  4 ... 39  1  5]
[ 1 11  0 ... 46 16 47]
[13 11 19 ...  9 14 19]
[50 53 41 ... 29 49 46]
[83 41 19 ... 10 14 17]
[78 26 10 ... 13  5 10]
[ 5 14  2 ... 26 20 34]
[28  8  7 ...  6 10 22]
[57 36 17 ... 26 19 12]
[28 27 19 ... 27 31 20]
[39 14 22 ... 19 45 81]
[32 26 21 ... 31 36 11]
[26 20 21 ... 15 15 18]
[19 15 22 ... 19 30 10]
[40 49 35 ...  7 10 11]
[25 28 19 ...  6 19 26]
[13  0 34 ... 18 17 19]
[14 21 15 ... 39 22  3]
[26 36 20 ... 35 44 15]
[36 21  6 ... 16 15 20]
[10 22  9 ...  3 17 18]
[28 15 20 ... 17 18 18]
[25 32 11 ... 13 11 27]
[24  7 29 ... 26 16  3]
[ 1 18 24 ... 29 24  7]
[60 30 27 ... 29 13 22]
[19 23 35 ...  7 23 17]
[11 17 44 ... 22 40 30]
[26 40 19 ... 13 27 56]
[72 24 15 ... 15  0  5]
[34 32 31 ... 15 15 16]
[47 32 15 ...  8  7 11]
[40 44 36 ... 35 21 14]
[12  0 16 ... 13  7 14]
[36 25 47 ... 34 24 10]
[21 41 60 ... 14 17 36]
[19 13  9 ... 17 23 19]
[10 24 18 ... 48 43 24]
[18 59 47 ... 16 30 10]
[15 12 10 ... 26 46 63]
[39 29 25 ... 32 26 42]
[18 71 36 ... 22 44 41]
[ 2 28 48 ... 50 25  8]
[11 24 28 ... 22 31 22]
[21 21 11 ...  6 27 38]
[51 39 25 ... 22 18 14]
[60 29 25 ...  9  6 17]
[48 23 11 ...  6 29 43]
[10 19 23 ...  0 29 24]
[22 25 17 ... 45 32 20]
[15 26 26 ... 15  8  7]
[32 34 53 ... 17 12 35]
[76 32 27 ... 76 72 45]
[20 21 16 ... 18 27 11]
[23 19 29 ... 39 26  5]
[35 22 16 ... 39 43  7]
[40 15 15 ... 44 22 17]
[ 8 17 32 ... 10 13 28]
[23 12  6 ...  2 10  8]
[21 13 46 ... 27 16  2]
[30 43 25 ...  2 37 43]
[27 18 15 ... 12 24 25]
[ 9 16 12 ... 31 53 39]
[ 0 17  7 ... 69 25 23]
[ 5  4 31 ... 40 56 34]
[27 26 24 ...  8 40 37]
[61 60 46 ... 14 18  8]
[25 17 33 ... 23 13 38]
[ 3 46 41 ...  5  6 15]
[16  6  0 ... 28  0 11]
[10 18 23 ... 13 28 42]
[37 14 51 ... 23 10 23]
[32 35 21 ... 21 16 13]
[24 22 25 ...  0 31 14]
[18 18  3 ... 20 45 50]
[ 8 16 35 ... 35 43 33]
[38 24 17 ... 13 22 33]
[12 47 22 ... 25  9 10]
[20 20 10 ... 16 11 12]
[33 12 12 ... 25  9 17]
[18 16 18 ...  7  7 13]
[ 0 23 33 ... 55 15 38]
[21 53 32 ... 24 41 37]
[23 22  8 ... 12 13 28]
[44 32 20 ...  7 14 24]
[42 42 19 ... 22 26 16]
[49 20 12 ... 15 16 21]
[19 23 13 ... 37 38 26]
[45 39 52 ... 23 29 17]
[26 26  7 ... 24 26 15]
[13 27 21 ... 43 17 21]
[24  3 21 ... 28 15 24]
[11 21 29 ... 46 41 16]
[72 43  1 ... 30 29 32]
[23  6  4 ... 21 15 18]
[51 46 22 ... 35 55 25]
[13 24 21 ... 18 11  2]
[38 31  2 ... 12  0 10]
[12 45 43 ... 25 39 48]
[11 27 57 ... 18 21 44]
[21 37 21 ... 27 38 44]
[26 42 23 ...  6 66 51]
[20 14  7 ... 35 38  7]
[18  9  1 ... 30 36 49]
[18 10 17 ... 17  4 16]
[24 17 16 ... 10  4 14]
[15 20 29 ... 21 25 14]
[32 40 26 ... 12 15 23]
[26  2 26 ... 23 38  7]
[32 29 29 ... 30 18 30]
[15 25 24 ... 30 33 27]
[ 0 14 28 ... 35 34  8]
[63 50 21 ...  7 15 23]
[19 17 21 ... 32 34 16]
[16 41 43 ... 23 40 17]
[ 9 30 50 ... 19 16  8]
[10 14  8 ... 12 16 31]
[30  4 32 ...  8 15 42]
[48 53 32 ... 20 17 19]
[10  0 17 ... 14 27 21]
[16 34 22 ...  2  5 31]
[28 25 13 ... 32 31 45]
[22 21  5 ... 19 21  0]
[16 17 18 ... 24 16 38]
[11 36 39 ... 15 11 11]
[33 19 39 ...  7  0 18]
[10 20 21 ... 33 47 22]
[30 39 22 ... 11 13 49]
[23 26 22 ... 11  8 28]
[30 14 26 ...  8 19 37]
[31 62 23 ... 22 21  9]
[52 29  1 ... 18  9 17]
[ 9 10 21 ...  7  9 29]
[24 19 19 ... 22  6 25]
[10 19 26 ... 22 34 22]
[11 11 27 ...  8 15  7]
[27  4 29 ... 45  6 44]
[18 34 44 ... 10 28 10]
[16 19  8 ... 22 30 42]
[ 5  4 18 ...  2  2  8]
[26 10 50 ... 17  8 16]
[21 29 62 ...  3 27 11]
[25 28 29 ... 13 13 28]
[21 67 75 ...  5 10 13]
[ 0 12 43 ... 18 50 51]
[42 23 23 ...  6 19 19]
[22 42 38 ... 27 40 27]
[25 28 28 ...  6 18  8]
[18 15  5 ... 10 26  4]
[17  0 21 ... 17 16 13]
[30 21 22 ... 24 18 17]
[47 34 25 ... 16 24 48]
[ 8  7 20 ... 27 18 33]
[11 22 15 ... 12 15 28]
[ 8 10 12 ...  5 13 20]
[29 51 29 ... 54 27 13]
[21 23 30 ... 22 21 16]
[18 19 11 ... 48 32 18]
[29 28 21 ... 31 17 18]
[28 30 31 ... 10 21  9]
[36 26 18 ... 30 21 12]
[17 25 22 ... 26 28  8]
[23 18 21 ... 25 17 23]
[57 23 24 ... 29 28 45]
[13 26 15 ... 23 24 23]
[18 18 11 ... 30 23 44]
[10 10 18 ...  9 17 11]
[31 39 28 ... 12 31 16]
[13 11  5 ... 19 16  9]
[24 27 18 ... 19 17 18]
[ 8 12 10 ... 11 16  9]
[17  4 23 ... 22 47 40]
[17 30 30 ... 18  6 25]
[23 25 34 ... 32 55 49]
[64 46 27 ... 20 10 19]
[13 19 34 ... 24 23 34]
[ 6  9  9 ... 13 39 31]
[21 16 34 ... 57 52 20]
[25 11  5 ... 25 17 19]
[18 25 27 ... 17 15 24]
[21 22 47 ... 20 16 32]
[23 25 18 ... 22 27 14]
[14 16 30 ... 43 48 14]
[32 47 55 ... 32 21  8]
[14 11  6 ...  7 21 15]
[37 36 14 ...  7 13 28]
[28 14  9 ... 14 15 11]
[14 14 29 ... 12 18 16]
[10 10 16 ... 19 20 15]
[17 19 21 ... 35 41 34]
[18 21 35 ... 17 12  6]
[22 29 19 ... 22 28 13]
[15 14 17 ... 37 20 19]
[41 45 32 ... 28 20 12]
[10  7 24 ... 45 42 52]
[ 7 21 23 ... 22 38 22]
[25 20 21 ... 71 34 11]
[25 24 12 ... 22 32 27]
[14 35 20 ... 15 22 24]
[27 63 58 ... 19  8  8]
[16 30 38 ... 12 12 10]
[ 6 13 24 ... 22 12 14]
[30 23 35 ... 21 49 41]
[32  9 14 ... 45 20 13]
[13 24 13 ...  9  4 10]
[23 10 20 ... 11 12 16]
[14  9  5 ... 12 18 14]
[ 7  8 18 ... 14 18 38]
[24 22 11 ...  4 10 19]
[12  6 26 ... 12 17 13]
[25 18 27 ... 17 22 10]
[15 11 19 ... 17 45 22]
[30 26 16 ... 32 30 29]
[21 19 18 ... 22 45 38]
[10 22 32 ...  9 22 24]
[32 16 13 ... 15 32 42]
[47 23  6 ...  9  6 10]
[30 29 29 ... 18 20 17]
[16  7 13 ... 29 32 40]
[23 23 26 ...  7 12 16]
[15 19 11 ... 20 24 30]
[23 29 33 ... 32 18 25]
[35 10 16 ... 31 36 27]
[13 23 29 ... 32 32 20]
[35 13 16 ... 57 49 24]
[21 15  8 ... 30 14 21]
[18 18  9 ... 27 15 13]
[ 8  9 18 ... 17 11  8]
[10 14 10 ... 31 38 16]
[12 23 17 ... 32 28 15]
[ 7 25 11 ... 10 13 15]
[ 4  8 20 ... 27 25 39]
[15 15  9 ... 59 40 32]
[25  8 12 ... 16 20 36]
[36 16 14 ... 14 15 15]
[ 4 13 15 ... 48 39 28]
[ 5 17 32 ... 21 13 17]
[10 32 46 ... 16 33 27]
[12  5  5 ... 31 20 19]
[14 23 22 ... 19 23 29]
[13 18 20 ... 21 12  8]
[33 24 30 ... 13 23 23]
[30 21 39 ... 14 28 23]
[22 40 61 ... 19  8 20]
[12 22 24 ... 20 29 20]
[10  8  6 ... 10 20 30]
[13 21 21 ... 22 41 40]
[21 27 18 ... 14 24 15]
[17 26 29 ... 30 30 29]
[61 52 29 ... 14 35 32]
[42 30 29 ... 23 13  8]
[ 8 21 33 ... 16 14 16]
[13 28 23 ... 60 67 48]
[20 13 13 ... 29 13 15]
[12 16 25 ... 79 28 19]
[17 14 14 ... 16  5  2]
[ 4 22 24 ... 17 19 25]
[36 23 11 ... 18  9  7]
[11 20 26 ... 14 11 18]
[ 9 11 23 ... 34 24 17]
[31 19 14 ...  3 16 32]
[23 19 12 ... 13  7 18]
[22 17 10 ...  6  9  4]
[13 21 29 ...  6 15 14]
[10 10 21 ...  8 17 21]
[16 26 19 ... 27 22 25]
[45 58 35 ...  6 22 32]
[43  9  9 ... 19 13 22]
[25  6 45 ... 30 20 25]
[15 13 15 ... 13 17 26]
[39 20  6 ... 20 21 16]
[ 7  9  6 ...  8 18 37]
[16 17 14 ... 15  9 21]
[14 17 36 ... 27 40 18]
[29 44 24 ... 13 16 18]
[27 41 26 ... 26 20 14]
[19 10  8 ...  6 23 72]
[85 28 35 ... 18 18 22]
[15 27 18 ... 24 22 20]
[21 32 13 ... 16 27 18]
[20 35 30 ... 18 21 23]
[29 37 32 ... 36 18 18]
[24 34 23 ...  9 33 53]
[27 18 30 ... 46 27 20]
[13 16 15 ... 28 22 18]
[25 23 22 ... 17 23  4]
[11 12 37 ...  4 10 10]
[21 14 17 ... 32 34 19]
[15 18 13 ... 43 27 12]
[13 16 30 ...  9 12  9]
[ 9 18  8 ... 19 26 28]
[27 22 14 ... 13 34 41]
[30 17  8 ... 25 52 57]
[ 6  4 12 ...  3 34 61]
[10 18 43 ... 16 23 24]
[14 11 19 ... 67 70 33]
[24 16 32 ... 25  9 11]
[21 27 56 ... 12 22  8]
[21 32 28 ... 20 17 20]
[30 23 34 ... 20 25 59]
[ 8 17 22 ... 30 20 31]
[24 36 17 ...  9 10 10]
[25 53 33 ... 35 23 24]
[19 14 15 ... 21 12 35]
[15 22 19 ...  5 27 25]
[13 35 63 ... 33 37 20]
[15 13 10 ... 25 15 12]
[ 5  6 11 ... 14 13 29]
[ 3 14 16 ... 24 17 16]
[19 33 20 ... 12  4 19]
[21 11 34 ... 15 23 39]
[45 63 53 ... 22 18  6]
[24 23 27 ... 11 23 28]
[31 18 24 ... 19 26 28]
[32 31 30 ... 47 32 15]
[12 25 25 ... 10  9 26]
[ 6 13  9 ... 25 17  7]
[23  8 10 ... 27 13 18]
[18 22 25 ... 29 15  5]
[12 28 16 ... 21 14 12]
[55 70 37 ... 27 13 13]
[61 41 17 ... 36  5  5]
[17 13 10 ...  9 21 26]
[21 18 25 ... 10  9 14]
[10 21 28 ...  7 13  6]
[17 24 24 ... 13  6 20]
[ 4  6 19 ...  7  5  5]
[14 32 37 ...  8 13 18]
[15 28 39 ... 30 24 22]
[19 26 29 ... 21 25 20]
[40 37 18 ...  9  9 16]
[27 20 19 ... 33 19 16]
[15 25 18 ... 36 36 33]
[40  3  9 ... 31 36 16]
[14 15 19 ... 21 24 12]
[15 15 23 ... 17 14  5]
[11 14 11 ... 13 11 16]
[11 20 17 ... 16 20 15]
[14 20 11 ... 26 48 43]
[16 27  9 ... 16 16 23]
[11  9  6 ... 11 11 10]
[24 58 29 ... 15 14 22]
[15  9 11 ... 39  9  7]
[16 14 21 ... 25 27 23]
[15 15 34 ... 26 20 39]
[ 8 36 34 ... 14 14 26]
[ 4  6 16 ... 34 23 38]
[35 23 11 ... 18 19 18]
[17 16 18 ...  9 24 19]
[12 17 44 ...  8  4 15]
[19 29 18 ... 22 40 12]
[33 17  7 ... 29 31 31]
[30 54 35 ... 26 11 12]
[ 7  7 10 ... 24  6 10]
[28 23 16 ... 25 34 32]
[37 33 16 ... 40 25 11]
[26 19 14 ... 27 45 41]
[38 18 10 ... 41 30  7]
[ 4  6 10 ... 34 27 18]
[18 19 24 ... 44 15 41]
[13 15 12 ... 15 20 15]
[27 12 21 ... 47 75 51]
[15 33 23 ... 38 58 25]
[14 27 39 ... 44 61 25]
[56 37 23 ... 16 14 11]
[24 64 71 ... 25 19 29]
[20  9  7 ... 31 60 45]
[ 9 23 24 ... 22 43 32]
[13 13 24 ... 35 31 12]
[10  7 14 ... 14 22 21]
[21 18 12 ... 29 16 15]
[ 8 13 13 ... 14 14 21]
[ 6 25 32 ... 35 21 13]
[24 26 31 ...  9 19 27]
[37 31 23 ... 22 33 30]
[14 24 20 ... 25 25 25]
[12 21 41 ... 16 22 22]
[19 15 11 ... 14 23 21]
[39 27 31 ... 23  7 12]
[11 15 31 ... 29 25  7]
[25 50 46 ... 37 28 20]
[49 71 28 ... 18 20 29]
[28 22  6 ... 11 13  9]
[24 44 27 ... 14 14 20]
[24 24 28 ...  8  8 12]
[30 33 18 ...  8  6  9]
[21 12  4 ... 11  3  5]
[27 17 34 ...  3 16 18]
[ 8 10 10 ...  4  3  6]
[27 20 14 ...  7 23 22]
[18 12 15 ... 10 16 12]
[27 17 25 ... 11  8 17]
[25 12 14 ... 10 20 14]
[13 11 36 ... 32 27 21]
[34 36 20 ... 40 28 16]
[ 4 13 13 ... 29 19 25]
[17 16 21 ... 27 34 18]
[10 24 25 ... 13 11 18]
[27 18 12 ... 11 34 28]
[30 30 12 ... 41 36 27]
[23 23 29 ... 32 21 16]
[16 18 16 ... 14 22 59]
[21 17 16 ...  9 24 20]
[27 22 15 ... 15 24 23]
[19 18 23 ... 33 33 32]
[16 29 14 ... 23 25 28]
[ 7  9 19 ... 35 26 29]
[36 21 12 ... 24 31 19]
[27 20 21 ... 20 25 44]
[15  8 18 ... 20 21 39]
[14  7  5 ... 10 22 37]
[17 20 11 ... 21 15 15]
[21 24  7 ... 17 13 23]
[21 22 15 ... 11  8 23]
[18 14  6 ... 20 13 11]
[31 21 12 ... 20 27 28]
[22 13 18 ... 31 41 92]
[11  7 19 ... 35 19 24]
[29 25 22 ... 18 15 10]
[10  8  7 ... 45 21 42]
[19 29 25 ... 19 22 58]
[23  9 25 ... 37 33 22]
[12 15 21 ... 19 14 13]
[61 51 48 ... 23 42 27]
[31 49 24 ... 66 49 48]
[67 45 23 ... 12 17  8]
[17 19 20 ... 16 15 14]
[44 21 21 ...  8  4 18]
[34 17 21 ... 42 16 16]
[27  8 20 ... 32 31 40]
[15 28 19 ... 20 24 21]
[28 24 18 ... 29 40 18]
[30 17 19 ... 41 51 32]
[13 11 20 ... 28 26 16]
[18 18 28 ... 22 38 28]
[ 9 17 50 ... 30 42 41]
[11 12 18 ... 21 17 38]
[37 31 19 ... 24 30 17]
[10  7 19 ... 29 30 32]
[20 11 11 ... 45 16 15]
[29 36 40 ... 15  8 17]
[61 51 35 ...  6  6  5]
[13 35 19 ... 48 20 16]
[19  8 11 ...  6  7  6]
[21 14 26 ... 16 10  7]
[14  9  7 ... 13  6  6]
[23  8 23 ... 26 13 11]
[14 26 26 ...  8  3 16]
[22 11 21 ... 18 20  9]
[13 16  8 ...  2  5  6]
[15 14 10 ... 10 13 13]
[13 16 19 ...  6 11  8]
[14  3 11 ... 17 10 16]
[36 36 12 ...  6 12 20]
[14 16 19 ... 31  9 22]
[29 21 10 ... 26  6  8]
[59 35 25 ...  6 11 38]
[20  8 11 ... 17 16 10]
[25 14 25 ...  7 14 12]
[47 38 18 ... 37 25 42]
[27 31 18 ... 41 48 25]
[35 16  4 ... 25 19 22]
[41 28 34 ... 32 22 20]
[13 17 26 ... 15 24 15]
[35  8 22 ... 26 19 12]
[ 6 24 12 ... 19 20 32]
[24 25 60 ... 16 18 10]
[15 15 10 ... 17  3 22]
[20 14 14 ... 27 16 19]
[ 1 10 15 ... 16 13 23]
[27 18 15 ... 13 53 79]
[18  9  7 ... 14 17 11]
[23 13  6 ...  8 20 23]
[ 9 12  7 ... 24 22 36]
[ 6  8 12 ... 23 31 26]
[17 16 26 ... 13 22 28]
[10  3  2 ... 21 15 14]
[14 10  6 ...  9 21 28]
[ 8 17 10 ... 11 11 32]
[ 4  8 16 ...  9 20 21]
[ 5  7  7 ... 26 17 22]
[ 4  2 10 ... 18 39 49]
[13  8 15 ... 31 53 25]
[10 19 18 ... 31 23 10]
[26  9  7 ... 22 15 12]
[16  8 11 ... 14 11 22]
[28 32 30 ... 13 10 14]
[29 27 15 ... 26 14 19]
[19 13 14 ... 26 37 22]
[16 16 10 ... 39 36 51]
[23 28 15 ... 46 48 37]
[25 14  5 ... 61 30 13]
[20 21 15 ... 22 12 35]
[19  4 10 ... 37 20 17]
[16 14 24 ... 20 27 31]
[20 23 14 ... 19 32 25]
[16 10 21 ... 19 21 33]
[25 23 16 ... 25 16 19]
[27 43 24 ... 10  3 16]
[27 14 30 ... 12 17 10]
[ 1 10 10 ... 14 16 13]
[13 11 11 ... 15 18 19]
[ 4 11 14 ... 15 12  8]
[18  1  7 ... 26 23  5]
[22 28 19 ... 53 33 14]
[17 22 33 ... 23 18 12]
[15 14 20 ... 25 19 10]
[25 23 26 ... 13  9  6]
[20 28 20 ...  5 12 10]
[33 18  8 ... 11 11  3]
[27 32 14 ...  8  8 11]
[14 16  8 ... 13 17 15]
[31 39 19 ... 12 14  8]
[26 25  7 ... 10 11 22]
[25 18 10 ...  7 12 18]
[19 34 40 ...  8 17 15]
[21 11  5 ... 21  7 41]
[63 53 13 ... 21 12 35]
[30 28 16 ... 14 16 16]
[43 36 17 ...  5  8 48]
[40 39 39 ... 16 22 39]
[18 29 24 ... 24 39 29]
[69 59 16 ... 30 32 30]
[31 41 46 ... 36 48 41]
[28 31 26 ... 21 19  5]
[24 26 36 ... 13 13  3]
[32 11 20 ... 23 38 17]
[58 16 24 ... 14  6 11]
[19 14 22 ... 30 23 45]
[34 18  6 ... 12  9 31]
[19 14 10 ... 37 17 31]
[33 45 26 ... 23 25 43]
[14 26 18 ...  9 14  7]
[19 10  9 ...  8 24 14]
[ 8 12 11 ... 11 13 13]
[ 9 13 14 ... 31 34 15]
[16  8  8 ... 30 28 26]
[18 16 11 ... 14 10 17]
[17 14  3 ... 28 38 16]
[11  6 13 ... 26 15 32]
[10  7  8 ... 49 42 15]
[12 16 24 ... 21 22 32]
[15 17  5 ... 34 23 23]
[14  8 10 ... 44 33 26]
[14  3 18 ... 18 12  8]
[21  4  7 ... 14 26 16]
[23 27 23 ... 38 25 16]
[17 21 14 ... 16 24 14]
[12 21 34 ... 13 31 32]
[42 35 19 ... 16 40 72]
[68 55 26 ... 15 66 43]
[23 31 23 ... 24 25 34]
[23 17 10 ... 24 37 40]
[15 22 35 ... 26 23 11]
[23 22 35 ... 36 26 23]
[17 24 26 ... 25 21 38]
[25 40 27 ... 10 14 15]
[19 35 37 ...  3  2  7]
[ 8 15 11 ... 15 12 19]
[41 38 41 ... 10 14 22]
[15  6 10 ...  8 18 18]
[15  6  6 ... 11  8  5]
[18 19  8 ... 36 27 18]
[25 28 22 ... 15  5  9]
[28 17 10 ... 12 26 15]
[20 13 32 ...  5 10 12]
[34 41 22 ... 11  9 12]
[27 26 20 ... 13 11  7]
[16 16 37 ...  6  5  9]
[13 10 14 ... 12 12 16]
[23 19 29 ...  6  3  5]
[21 20 21 ... 10  9 11]
[26  7 16 ... 15 24 18]
[34 18 22 ...  1 26 38]
[10  5  8 ... 10 13  9]
[27  7 14 ... 33 46 72]
[34 16 10 ... 25 47 16]
[27 21 28 ... 22 21 12]
[14 14 12 ... 15 13  5]
[31 32 44 ... 11 18 48]
[56 44 24 ... 19 27 61]
[28 28 24 ... 19 25 40]
[41 18 21 ... 40 25 22]
[24 19 19 ... 26 19 26]
[31 14 21 ... 17  8 13]
[25 95 69 ... 22 20  8]
[53 22 23 ... 30 18 15]
[14 25 29 ... 32 42 26]
[16 39 36 ... 14  5 10]
[22 15  8 ... 16 29 32]
[30 31 31 ... 12 19 29]
[37 37 23 ...  7  3 10]
[29 17  5 ... 17 16 18]
[ 9  8 10 ... 32 28 23]
[14 14 12 ... 39 24 18]
[ 4  8  9 ... 16 19 10]
[13 21 19 ...  7 13 27]
[11 11 15 ... 28 19 50]
[20 18 28 ... 12 33 54]
[ 5  4  6 ... 22 26 11]
[11 11 12 ... 17 28 41]
[18 17 15 ... 22 25 14]
[ 9  9  7 ... 46 54 41]
[10 10  9 ... 17 11 34]
[14 12 10 ... 13 19 30]
[21 14  7 ... 37 11  7]
[ 6 12  5 ... 23 27 16]
[20 19 11 ... 13 40 21]
[20 11 10 ... 36 56 42]
[16 13 26 ...  6  8 10]
[21  9 16 ... 19 14 24]
[18 17 27 ... 15 16 18]
[29 31 35 ... 50 25 31]
[24 22 21 ... 44 48 23]
[28 18 30 ... 37 38 15]
[29 44 43 ... 15 13 27]
[35 23 25 ... 42 22 20]
[22  9  9 ... 50 63 55]
[33 38 26 ... 20 45 35]
[25 23 54 ... 16  8  9]
[15 20 34 ... 24 21 19]
[ 7  6 10 ... 18 15 12]
[14 26 53 ... 27 14 21]
[ 7  5  6 ... 12 26 26]
[30 22 20 ... 22 42 22]
[18 17 15 ... 13  8 20]
[24 30 17 ... 20 13 11]
[26 23 30 ...  9 20 19]
[38 34 45 ... 13 13  5]
[24 31 25 ... 10 13 16]
[ 7 12 10 ...  9  5  9]
[14 16 14 ...  9  9 10]
[26 17 18 ...  3  8  8]
[28 24 10 ... 22 18 18]
[ 9 11 45 ...  8  7 13]
[11 38 36 ... 19 17 26]
[26 41 29 ...  4 15 15]
[40  8  8 ... 16 24 19]
[13 32 34 ... 11 33 13]
[39 13 13 ...  3 19 14]
[15 14 22 ... 13  3 12]
[56 51 26 ...  6 13 18]
[10 22 18 ... 10 10 19]
[29 26 22 ... 16 37 34]
[32 26 28 ... 19 26 33]
[52 43 42 ... 48 45 26]
[20 12  8 ... 39 34 27]
[44 43 32 ... 18 14 12]
[17 16 12 ... 18 14 13]
[ 8 16 36 ... 18 10  8]
[12 15 23 ... 19 16 15]
[17 12  9 ... 13 19 17]
[14 15 17 ... 25 10 24]
[18 17 10 ... 17 18  9]
[ 3 12 30 ... 15  9 24]
[14 20 27 ... 13 27 48]
[ 7 16 24 ... 18 12 14]
[22 21 19 ... 28 29 36]
[ 6 11  8 ... 18 19 19]
[ 6 13 10 ... 40 38 15]
[40 33 12 ... 23 16 48]
[ 9  8  5 ... 28 22 33]
[ 5  5  6 ... 57 41  8]
[22 16  9 ... 18 23 26]
[ 9 21 28 ... 22 17 20]
[18 10  2 ... 49 53 22]
[22 16 10 ... 19 34 24]
[ 3  6  1 ... 16 21  9]
[16 12 10 ... 19 23 18]
[15 11 23 ... 10 17 16]
[ 8 14 12 ... 25 15 27]
[16 20 13 ...  6 47 52]
[28 10 18 ... 21  6 11]
[ 9 21 23 ... 28 15 15]
[29 42 34 ... 23 22 21]
[16 12 38 ... 26 10 22]
[27 44 23 ... 43 14 19]
[17 27 28 ... 20 10 43]
[34 40 21 ... 28 43 18]
[27 15 14 ... 15 15  8]
[14 24 47 ... 25 18  9]
[12 23 11 ... 10  5  7]
[ 7 16 15 ...  7  5  5]
[33 19  8 ... 16  4 10]
[ 8 20 17 ... 15 12 13]
[27 25 15 ... 20 19 18]
[29 25 21 ... 14 34 33]
[25 24 20 ...  4  6 16]
[26 28 23 ... 20  3  8]
[17 19 29 ... 19 11  6]
[21 24 31 ... 12 30 13]
[ 9 16 25 ... 12  8 12]
[11 11  7 ...  8 11 10]
[14 27 49 ... 12 21 14]
[21 23 45 ...  6  8  5]
[22 16 34 ... 18 13 33]
[18  9 17 ... 13 15  7]
[23 21 16 ... 11 13  8]
[20 32 49 ... 26 22  8]
[13 18 21 ... 24 12 18]
[24  8 16 ...  6 13 15]
[25 23 27 ...  7  2  9]
[19 15 29 ... 17 15 19]
[39 60 33 ... 23 18 20]
[37 29  8 ... 35 41 24]
[46 53 17 ... 37 26 13]
[33 34 25 ... 25  9 15]
[29 31 16 ... 19 25 17]
[19 28 30 ... 21 18 16]
[23 13  8 ... 13  8 10]
[19 23 32 ... 16  9 17]
[16 11  7 ... 20 19 13]
[10 11 13 ... 24 35 22]
[23 22 12 ... 22 26 17]
[22  9  9 ... 16 14  9]
[ 8 13 19 ... 10 13 17]
[ 7 13 25 ... 24 29 26]
[19 17 19 ... 13 19 29]
[19 24 23 ... 29 32 38]
[10 15 15 ... 21 36 13]
[16 12  8 ... 16 17 27]
[14 11  9 ... 19 17 15]
[11  8  5 ... 20 18 27]
[ 6  9 13 ... 50  6 34]
[11 10 21 ... 14 36 27]
[15  6  9 ... 51 39 10]
[ 9  8 10 ... 36 31  9]
[ 9  6  7 ... 27 14 15]
[42 31 21 ... 22 10 17]
[25 27 13 ... 21  8  8]
[ 4 18 19 ... 26 16 12]
[13 16 13 ... 25 47 46]
[21 16  7 ... 25 26 22]
[45 47 24 ... 12 21 30]
[20 18 13 ... 54 37 24]
[18 24 33 ... 31 16 11]
[25 19 30 ... 12 23 35]
[27 20 24 ... 37 22 18]
[19 33 24 ... 43 22 14]
[20 13 14 ... 28 28 35]
[10 12  6 ...  6 13 24]
[12 25 37 ... 28 26 20]
[ 3  5 11 ... 26 36 18]
[20 25 24 ... 17 21 23]
[17 15 17 ... 26 35 18]
[12 20 14 ...  8 10  2]
[42 42 40 ...  5  3 17]
[26 18 14 ... 38  5 12]
[10  8 13 ... 17 24 28]
[ 6 19 18 ... 71 61 42]
[19 39 52 ... 18 11  7]
[ 1 61 80 ... 43 26  9]
[17 10  8 ... 19 27 24]
[34 33 27 ... 11  4 13]
[10 19  9 ... 13 31 31]
[45 39 21 ...  9 29 34]
[28  7 11 ... 13 12 14]
[16 30 37 ... 25 37 35]
[47 42 25 ... 15 12  5]
[40 28 31 ... 56 58 46]
[15  8  9 ...  9  2 14]
[55 23 26 ... 28 33 11]
[ 2 20 35 ... 13 10 27]
[50 47 33 ... 25  0 13]
[16  8 14 ... 14  3  9]
[ 7  5 13 ... 32 33 32]
[32 16  9 ... 50 33 26]
[12 14 17 ... 46 31 19]
[12 15 17 ... 45 43 27]
[ 1 22 36 ... 43 43 29]
[34 31 25 ... 10 12 12]
[ 0 18 23 ... 15 21 37]
[33 25 18 ... 11 33 52]
[ 11  19  14 ...  84 106  89]
[53 52 49 ... 34 12 18]
[19 39 64 ... 14 17 26]
[ 4 13 30 ... 41  5 13]
[16 17  0 ... 67 29 26]
[27 15  9 ... 28 57 57]
[20 27 35 ... 62 52 25]
[26 48 33 ... 15 24 40]
[44 51 37 ...  1  0 34]
[19 28  6 ...  3 27 28]
[19 13 21 ... 19  6 36]
[ 3 21 29 ...  8  9  6]
[38  0  0 ...  8 18 22]
[ 6 31 54 ... 63 58 25]
[29 17 10 ... 32 15  3]
[40 47 45 ... 21 16 16]
[ 7 12 15 ... 35 33 20]
[52 54 17 ... 17  6 40]
[27 25 13 ... 41 41  9]
[33 42 50 ... 45 84 73]
[15 10  6 ...  0  7 10]
[12 16 13 ... 16 17 31]
[28 11  8 ... 38 40 55]
[16 27 25 ... 56 47 19]
[14 10  9 ... 18 28  9]
[38 51 28 ... 14 18 23]
[50 29  5 ... 11 43 56]
[ 6 17 13 ... 25 21 19]
[37  2 26 ...  7  0 21]
[39 22  9 ... 12  9 18]
[11 28 23 ... 18 25 33]
[45  7 16 ... 19 25 27]
[51 22 17 ... 37 18 22]
[38 25 36 ... 17 14  0]
[43 33 32 ... 35 25 25]
[31 38 33 ... 12  9 21]
[24 20 13 ... 47 65 50]
[32 12 11 ... 52 64 60]
[31 25 13 ... 11  9  8]
[11 18 23 ... 24  4 13]
[36 15  7 ... 43 39 28]
[34 33 15 ... 17 11  8]
[14  9 14 ... 12 18 17]
[25  8 29 ... 14 18 17]
[24  8 19 ... 37 22 52]
[24 26 22 ... 17 10  6]
[14 13  5 ... 23 20 34]
[35 25 33 ... 23 16  8]
[14 12 18 ... 51 30  8]
[55 20  7 ... 12 19 13]
[43 43 39 ... 71 44 25]
[29 19 14 ... 19 15 38]
[ 9  3 13 ... 44 33 11]
[ 5  0  0 ... 22 15 13]
[34 15 11 ... 29 19 17]
[ 7  5 20 ... 11 23 28]
[18 30 25 ... 13 54 46]
[46 11 27 ... 16 18 17]
[25 26 12 ... 33 16 28]
[28 46 31 ... 17 11  5]
[ 9  0 17 ... 17  4 40]
[15 33 30 ...  4 21 44]
[24  3 15 ... 55 26 10]
[31  8 11 ... 14 25 35]
[17 17 20 ... 27 15  5]
[22  8 15 ... 26 19 31]
[61 67 66 ... 10 13 18]
[22 45 23 ... 20 14 27]
[20  0 14 ... 20 43 45]
[34  0 17 ... 14 21  0]
[ 0 11 23 ... 21 36 20]
[11 29 34 ... 31 54 33]
[33 34 32 ... 53 31 19]
[21 55 27 ... 32 24  7]
[21  6 17 ... 19 37 43]
[37 43 16 ... 23 24 53]
[11 24 42 ... 27 29 40]
[22 31 37 ... 16 35 44]
[10  7  8 ... 14 29 37]
[36 22 19 ... 47 31 18]
[25 21 21 ... 14 10 12]
[16 47 10 ... 16  5  8]
[25 21 16 ... 10  1  7]
[28 35 38 ... 15 33 33]
[51 54 52 ...  8 29 39]
[12 24 44 ...  5 17 14]
[ 5 20 20 ... 27 26  8]
[45 49 41 ...  4 20 10]
[13 12 71 ... 23 12  3]
[15 30  8 ... 11 11  3]
[30 27 14 ... 26 44 43]
[16 47 48 ... 17  0 14]
[44 53 36 ... 16 10 39]
[16 20 17 ... 32 54 14]
[ 8 13 24 ... 24 18 23]
[ 2 19 25 ... 38 28 33]
[45 35 42 ... 15 31 44]
[43 45 31 ...  4 27 35]
[ 9 28 37 ... 13  3  4]
[21  6 11 ... 24 11  2]
[24 34 32 ... 21 27 47]
[10 30 27 ...  4 14  8]
[ 9 16 15 ...  3  6 40]
[12 18 16 ... 13 15 22]
[ 1 37 24 ... 20  9 10]
[17 15 29 ...  6 31 40]
[12 20 28 ... 23 27 19]
[36 22 44 ... 27 35 52]
[ 2 16 25 ... 33 26 29]
[14 14 20 ... 42 20 36]
[13 10  7 ... 40 33 19]
[25 34 35 ... 48 40 31]
[21 17 21 ... 70 27 22]
[10 26 15 ... 45 47 53]
[27 26 17 ... 24 18 23]
[42 32 14 ...  6 18 43]
[21 43 49 ... 21 40 43]
[ 1 47  7 ... 26 22  8]
[45 24 31 ... 49 45 14]
[30 10 20 ... 37 43 35]
[23 16 28 ... 31 17 15]
[ 7 15 18 ... 68 29 43]
[ 9 29 40 ... 40 32 29]
[34 35 33 ... 16 20 21]
[ 8 24 25 ... 22 21 30]
[19 19 19 ... 41 24 12]
[ 7 20 19 ... 14 13 23]
[17  1 11 ...  7 19 28]
[36 50 23 ... 39 30 37]
[38 32 41 ... 11  8 20]
[40 10 22 ... 19 16 27]
[42 61 58 ... 18 37 24]
[55 58 21 ... 15 31 28]
[56 29 19 ... 38 31  1]
[ 7 32 22 ... 22 21 22]
[ 5 37 49 ... 39 29 21]
[16 22 28 ... 47 22  5]
[33 14 12 ... 27 15 23]
[26 20 28 ... 16 20 28]
[ 9  2 20 ... 38 58 74]
[39 36 13 ... 16 22 12]
[15  7 20 ... 32 15 11]
[29 21 19 ... 23 16 50]
[ 2 17 42 ...  8  8 28]
[41 62 61 ... 23 47 34]
[23  6  9 ... 31 22 18]
[53 21  7 ... 23 42 32]
[32  8  8 ... 31 29 19]
[22 22 36 ... 43 22 46]
[23 22 33 ... 17 32 31]
[ 5 21 23 ... 23 15  8]
[12 51 53 ... 20 12 19]
[42 20  7 ... 19 24 22]
[ 6 22 18 ... 19  6 17]
[13 21 38 ... 12 11 25]
[17 14 38 ... 20 34 17]
[20 35 24 ... 27 15 12]
[33 24 13 ... 36 19  3]
[18 34 36 ... 27 17 23]
[21 16 17 ... 18 23 24]
[ 8 22 34 ...  3 29  0]
[13  0  9 ... 44 42 32]
[ 2 22 38 ... 21 14 19]
[ 4 12 20 ... 24 39 44]
[ 9  8 11 ... 29 23 10]
[27 18 10 ... 46 19  8]
[30 11  9 ...  8 17 33]
[43 33 20 ... 47 28 28]
[ 6 26 36 ... 51 50 40]
[11 14 10 ... 35  6 34]
[62 14 25 ... 31 10 72]
[37 30 24 ...  3 10 14]
[14 23 20 ... 16 13  0]
[ 8 24  7 ... 32  2 43]
[22 14 40 ... 14 21 34]
[47 30 22 ... 62 48 26]
[22 41 25 ...  4  8  4]
[50 16  9 ... 40 35 11]
[ 5 33 26 ...  0 11 19]
[18 24 14 ... 14  0 16]
[15 18 31 ... 42  4 22]
[10 11 14 ... 64 31 20]
[21 11  9 ... 41 33 19]
[ 3 23 28 ... 28 10 31]
[18  0  4 ... 23 12 40]
[39 17 10 ... 22 35 59]
[ 3 20 28 ...  8 16 27]
[54 32 16 ...  5 34 53]
[ 7 22 24 ... 62 54  4]
[27 76 68 ... 34 39 34]
[19 51 50 ... 18 18 14]
[92 81 31 ... 35 41 29]
[24 17  9 ... 17 16 30]
[17 37 41 ... 16 17 11]
[26 19 18 ...  9 14 22]
[28 16 29 ... 31 19 20]
[11 14 23 ...  8 14 19]
[33 10 36 ... 20 23 19]
[25 34 31 ...  7 13 62]
[ 3 23 20 ... 12 16 21]
[39 38 22 ... 15  1 11]
[25 27 25 ... 23 67 66]
[19 16 42 ... 48 41 29]
[25  4 53 ... 20 18 18]
[20 22 21 ... 16 34 38]
[24 20 25 ... 30  2 27]
[62 49 27 ... 25 20 18]
[62 68 29 ... 22 20 12]
[24 26 35 ... 25 18  9]
[27 18 14 ... 19 21  8]
[30 14  9 ... 16 23 30]
[11 19 20 ... 24 16 29]
[ 8 10 27 ... 11 29 24]
[17 14 34 ... 11 19 19]
[25 26 18 ... 21 10 14]
[11 15 38 ...  7  5 12]
[18 21 18 ...  5 11 17]
[21 28 20 ... 11  6 10]
[29 33 30 ...  9  8  7]
[22 31 37 ... 33 14 11]
[17 18 23 ... 15  8  5]
[26 10 24 ... 12 14 32]
[41 57 22 ... 29 20 23]
[25 28 17 ... 15 16 13]
[27 25 16 ... 29 19  8]
[13 10  6 ... 14 19 15]
[18 49 27 ... 11  9 27]
[41 42 15 ... 16 12 21]
[ 9  9 16 ... 68 20 17]
[25 10  8 ... 22 23 23]
[14 24 29 ... 49 28 42]
[11  3 16 ... 31 37 26]
[10 17 24 ...  5 18 19]
[ 8 14 12 ... 29 10 17]
[19 43 54 ... 19 20 40]
[14 23 36 ... 22 17 24]
[10 21 20 ... 36 11 20]
[ 8 15 11 ... 26 25 22]
[13 10 14 ... 21 38 26]
[25 34 46 ... 35 24 38]
[ 7  9 30 ... 33 10 24]
[14  3 15 ... 22 29 28]
[ 6  6 15 ... 11 29 23]
[42 19 10 ... 28 55 51]
[51 55 24 ... 27 20 19]
[22 25 52 ...  4 29 41]
[17 22 19 ... 13 10 16]
[16 12 15 ... 14 14 14]
[26 20  9 ... 18 31 55]
[19 21 25 ... 19 20 25]
[ 7 12  8 ... 17 13 36]
[47 13 16 ... 29 47 11]
[27 21  9 ... 31 19 38]
[37 31 13 ... 14 21 20]
[11 28 56 ... 15  3 11]
[19 13 17 ... 20  6 10]
[12 15  8 ... 38 33 11]
[25 29 20 ... 13 10 10]
[11 28 24 ... 26 21 17]
[16 13 18 ... 12 14 22]
[21 26 28 ...  9 17 17]
[29 14 15 ... 16 10 12]
[12  7 27 ... 19 17 17]
[12  8 13 ... 19 41 17]
[21 13 14 ... 17  7  5]
[18 18 30 ... 14 22 15]
[29 20 35 ... 17 23 19]
[29 29 30 ... 14  9 27]
[29 41 54 ... 13 14 31]
[31 20 12 ... 22 29 18]
[17 14 20 ... 31 25 19]
[38 21 12 ... 38 26 18]
[41 26 21 ... 13 25 34]
[ 7 20 34 ... 24 32 16]
[11 20  5 ... 25 25 16]
[18 27 19 ... 24 22 23]
[31 17 16 ... 18 14 20]
[16 22  7 ... 15 29 13]
[18 25 32 ... 13 15  6]
[19 26 37 ... 31 30 10]
[29 23 39 ...  5  6 16]
[15 33 42 ...  3 12 17]
[25 18 12 ... 37 23 11]
[10 19 25 ... 19 19 12]
[12 12  7 ... 15 15 33]
[11 20  9 ... 13 14 25]
[15 12 10 ... 16 27 17]
[13 24 29 ... 12 13  5]
[16 33 28 ... 25 17 31]
[32 31 15 ... 33 25 26]
[11 31 22 ... 18 15 23]
[31 32 42 ... 16 28 28]
[15 15 17 ... 13 31 59]
[18 15  6 ... 20 26 32]
[17 16 23 ... 17 30 32]
[20 14 24 ... 36 29  9]
[24 25 15 ... 11 20 18]
[31 22 23 ... 18 18 22]
[24 18  9 ... 76 38 11]
[10 18 12 ... 34 37 23]
[ 9 12 10 ...  1 17 18]
[24 37 29 ... 38 18 15]
[22 14 25 ... 24 32 48]
[20 15 23 ... 21 10 14]
[26 24 21 ... 17 35 24]
[30  9  7 ... 33 15 38]
[11 17 18 ... 35 31 29]
[16 20 37 ... 15 13  7]
[26 23 15 ... 24 26 28]
[32 26 12 ... 17  6 15]
[25 33 30 ...  7 12 21]
[26 14  8 ... 15  5 15]
[24 17 30 ... 12 21 24]
[11 15 35 ...  6 12 14]
[17 17 21 ... 14 12  7]
[17 32 24 ... 34 26 10]
[20 24 24 ...  9 14 33]
[29 42 17 ... 31 25 34]
[28 21 12 ... 12  9 20]
[ 8 19 14 ...  6 17 21]
[10  8 24 ... 11  7 14]
[ 5 14 11 ... 19  9  9]
[12 12 19 ... 28 12 10]
[20 26 34 ... 22 39 30]
[ 7  7 18 ... 17 11 21]
[23 31 50 ... 35 11  6]
[24 23 20 ... 14 20 25]
[32 22 28 ... 16 11 21]
[22 41 24 ... 16  8  6]
[15 15 37 ... 14 14  7]
[47 28 20 ... 15  5 14]
[47 44 47 ... 11 15 17]
[17 22 10 ... 35 28 11]
[19 14 16 ...  8  7  8]
[ 6  2 11 ... 20 14 11]
[48 30 16 ... 46 27 19]
[14 22 24 ... 23 10 12]
[ 7 16 25 ... 36 27 15]
[19 15 22 ...  9 19  6]
[10 23 25 ... 16 10 22]
[20 16 29 ... 10 16 27]
[13 19 22 ... 35 10  8]
[10 21 27 ...  7  9  8]
[12 21 21 ... 10 15 11]
[23 19 10 ... 14 19 13]
[18 15 10 ...  5  7 19]
[19 22 17 ... 13  6 11]
[31 30 18 ... 44 18 20]
[26 34 15 ... 33 23 36]
[25 40 38 ... 22 34 18]
[17 24 25 ... 36 41 22]
[28 10 13 ... 55 71 19]
[20 13 36 ...  8 24 19]
[29 33 24 ... 18 26 19]
[14 26 21 ... 15 23 26]
[21 28 20 ...  9 17 25]
[16 17 26 ... 25 28 23]
[11  9 15 ... 20 22 22]
[11  8 22 ... 18 31 23]
[22 24 28 ... 18 12 27]
[12  7  7 ... 48 14 13]
[18 13  8 ... 39 19 20]
[14 15  5 ... 29 26 31]
[32 33 22 ... 18 22 13]
[72 48 25 ... 19  9 10]
[19  7  9 ... 23 11 20]
[15 25 36 ... 20 15  8]
[57 33 14 ... 27 46 29]
[ 8 11 20 ... 26 55 36]
[16 11 10 ... 19 26 23]
[28  8 27 ... 20 27 34]
[17  5 11 ... 11 10 11]
[27 23 34 ... 19 38 22]
[22 34 16 ... 17 19 12]
[20 23 15 ...  5 22 47]
[13  4 14 ... 17  7 16]
[22 19 26 ... 21 26 13]
[17 22 20 ... 14 12 26]
[17 20 31 ...  2 15 32]
[15  8  8 ... 22 35 21]
[23 11 10 ... 21 27 16]
[21 15 10 ...  6 11 21]
[17 11 14 ...  8 19 18]
[22 13 26 ... 25 22 11]
[35 20 19 ... 16 13  9]
[21 12 17 ... 17 11  9]
[ 9 17 20 ... 19  7 18]
[22 19 24 ... 18 29 25]
[28 20 19 ... 18 31 48]
[25 27 26 ... 10  3  6]
[18 10 25 ... 15 14  6]
[18 27 49 ...  4 12 12]
[34 21  5 ... 14 12 24]
[11 10 15 ...  9 19 18]
[ 7 17 41 ... 17 20 25]
[ 6 22 17 ... 29 64 46]
[24 19 36 ...  6  7 15]
[15 16 19 ...  8 16  6]
[12  4 13 ... 15 11  9]
[54 62 42 ... 36 25 21]
[20 23 34 ... 13 14  7]
[26 24 18 ... 13  9 11]
[11 20 21 ... 19 10  4]
[26 33 19 ... 42 29  9]
[12 14 23 ... 20 35 32]
[24 35 30 ... 19 15 24]
[15 16 11 ... 13  7 22]
[13  9 12 ... 10 27 38]
[17 44 44 ... 19 14 26]
[10 11 22 ...  9  9 12]
[ 9 47 57 ... 36 14 23]
[15 18 18 ... 22 17 14]
[22 33 19 ... 43 22 20]
[22 11 25 ... 28 18 14]
[17 17  8 ... 22 66 54]
[ 7 14 27 ... 38 28 24]
[15 13 19 ... 22 19 17]
[25 18 28 ... 17  9 16]
[ 7 12 17 ... 35 25 16]
[25 23 32 ... 39 42 10]
[16 18 28 ... 21 19 51]
[ 8 12 17 ... 34 27 10]
[ 9 10  9 ... 21 33 55]
[19 16 11 ... 19 27 24]
[ 8 11 10 ... 29  3 16]
[10  5  7 ... 33 50 37]
[27 13 10 ... 13 17 17]
[11  6 23 ... 27 19 10]
[44 43 23 ... 27 11 43]
[23 22 15 ... 17 32 18]
[23 11 10 ... 18 34 25]
[25 31 22 ... 22 22 23]
[11 14 16 ... 27 35 15]
[24 21 27 ... 59 32 37]
[11 14 13 ... 15 22 19]
[16 13 16 ... 15 31 28]
[23 21 14 ... 21 30 16]
[17 29 23 ... 42 26 22]
[20 15 11 ... 14 11 22]
[11 24 15 ...  7 19 11]
[25 12  8 ... 20 20  8]
[15 29 21 ... 14 26 20]
[24 38 20 ... 28 21 32]
[13 25 19 ...  5 15 22]
[ 7 11 22 ... 17 15 10]
[22 35 42 ... 32 18 36]
[18 18 18 ... 18 27 15]
[ 5  7  8 ... 12 20 15]
[ 8 18 27 ...  9 11 20]
[13 17 28 ...  9 41 31]
[50 26 17 ...  9  9 16]
[17 25 22 ...  9 13 10]
[17 44 36 ... 15 15 18]
[36  9  5 ...  5 15 27]
[15 27 19 ...  9 21 47]
[23 29 19 ...  5  8 14]
[39 20 11 ... 42 26  5]
[ 7 17 13 ... 12 11  8]
[11 11 14 ... 16  7 12]
[34 50 37 ...  9 15  8]
[40 45 25 ... 12  3 20]
[33 18 21 ...  5  6  6]
[11 26 24 ... 10  7 12]
[32 23 19 ... 44 12  5]
[23 18 10 ... 11  7  5]
[10  8 29 ... 21 23 46]
[72 34 13 ... 15 22 18]
[24 12 19 ... 14 17 18]
[10 10 17 ... 17 45 48]
[19 21 14 ... 10 13 16]
[17 23 11 ... 11 36 24]
[29 23 20 ... 22 18 16]
[17 11  5 ... 21 14 13]
[21 17 17 ... 15 27 17]
[10  9 24 ... 19 29 29]
[10 15 28 ... 17 23 18]
[12 19 17 ... 54 58 17]
[18 27 19 ... 19 19 41]
[22 30 23 ... 12 20 11]
[14 11 16 ... 18 18 26]
[31 39 28 ... 28 13 15]
[36 29  7 ... 26 77 47]
[23 12 11 ... 27 45 12]
[ 3  7 11 ...  9 15 13]
[ 8 11 12 ... 11 12 30]
[22 21 18 ... 21 31 35]
[21 12 21 ... 22 15 23]
[14 16  9 ... 18  7 23]
[ 8  9 16 ... 12 13 22]
[28 27 23 ... 17 16 58]
[16 25 33 ... 15 27 36]
[16 25 10 ... 22 17 18]
[26 14  8 ... 25 33 21]
[ 9 14 23 ... 22 13 21]
[19 10 15 ... 33 22 17]
[10 34 28 ... 22 27 12]
[11 11 16 ... 29 30 15]
[19 14 27 ... 27 23 16]
[17 25 15 ... 13 33 30]
[19 54 31 ... 11 17 17]
[20 20 13 ...  7  3 31]
[15 10 20 ... 21 18 15]
[ 6 12 34 ... 12 22 23]
[21 10 13 ... 12 31 21]
[50 28 15 ... 12  8 12]
[19 23 28 ... 16  6 13]
[11 13 22 ...  6 13 14]
[24 25  9 ...  6 17 23]
[13 23 44 ...  9  8  6]
[12 16  9 ... 12 10  9]
[10 30 28 ... 17 22 20]
[21 14  2 ... 30  8 11]
[19 14 14 ... 33 13  7]
[ 7 23 21 ... 13 15  9]
[15 17 12 ... 13  5  6]
[20 16 14 ...  7 12 20]
[22 15 16 ...  1  4  5]
[20 21 20 ... 22 15 14]
[15 11  7 ...  6 23 43]
[30 11  5 ... 19 17  9]
[40 24 11 ... 12 20 24]
[20 12 12 ... 12 15 14]
[55 36 11 ... 19 22 11]
[13 13 20 ... 24 19 29]
[12 17 15 ... 19 14 21]
[68 48 16 ... 14  6  7]
[ 8 11  7 ... 18 27  7]
[27  4 10 ... 16  3 10]
[11 14 14 ...  5  2 16]
[ 8 12 13 ... 24 19 13]
[17 12  9 ... 24  8  6]
[19 30 36 ...  6 16 27]
[15 30 22 ...  7 10  9]
[20 22 23 ... 10 17  8]
[ 9 14 12 ... 30 18 25]
[15 13 11 ...  5 14 15]
[12  9  5 ...  8 12  6]
[22 11  3 ... 32 24  7]
[ 8  8  9 ... 14 18 18]
[ 6 18 18 ... 12  7 16]
[19 18 12 ...  2 27 41]
[ 5  7 12 ... 30 36 35]
[22 29 13 ...  8  8 14]
[12 18 18 ... 49 30 31]
[17 13 10 ... 20 18 17]
[ 7 10 17 ... 16 19 21]
[ 9 17 29 ... 26 24 14]
[14  9  6 ...  6 18 17]
[18  7  6 ...  9 17 21]
[10  8 14 ... 31 25 22]
[ 9  7 14 ... 16 20 26]
[13  6  7 ... 17 32 27]
[ 6 22 53 ... 24 26 20]
[40 20 19 ... 22 37 13]
[12 12 20 ... 12 24 14]
[12 15  8 ... 20 33 42]
[13 15 10 ... 17 13  9]
[23 20 17 ... 10  7  8]
[ 8  7  7 ... 37 37 28]
[35 31 16 ... 19 12  5]
[14 24 26 ... 13 11 13]
[18 12 18 ... 30 33 25]
[17 29 21 ...  8 12  3]
[18 12 10 ...  6  5 16]
[35 55 28 ... 10  9 11]
[14 27 19 ... 17 15 12]
[18 37 45 ... 13 26 30]
[17 16 13 ...  9  3  6]
[24 31 28 ...  8  9 12]
[29 15 20 ...  7  9  8]
[12 14 12 ... 28 19 18]
[33 21 15 ... 17 20 11]
[24 30 21 ... 26 35 23]
[26 24  9 ...  4  2  8]
[25 16 26 ...  5 14 15]
[18 17 10 ...  9 11 11]
[28 10  8 ...  7 11 13]
[25 28 22 ...  9 10 26]
[37 25 12 ... 26 26 13]
[23 13 10 ... 10 40 32]
[21 30 33 ... 14 10 16]
[18 20 23 ... 36 35 14]
[22 20 16 ... 15 10  5]
[16 17 17 ... 16 13  8]
[ 7  5 12 ... 14 26 44]
[17 24 31 ... 10  8 33]
[24 54 44 ... 13 10  5]
[ 5  4  7 ... 20 18  5]
[16 12 16 ... 15  8 23]
[ 8 16 19 ... 15 21 20]
[22 21 13 ...  5  4  9]
[13 14 17 ... 26 18 34]
[20 14 18 ... 29 15 11]
[11  2  5 ... 17 24 13]
[11  8 12 ... 19 18 13]
[ 8 10  7 ... 22 14 13]
[14 15  7 ... 10 18  9]
[33 29 25 ...  9 17 23]
[ 5 22 19 ...  4 19 39]
[ 6 10 27 ... 18  8 10]
[12 21 24 ... 25 25 18]
[13 15  8 ... 53 37 34]
[15  2 13 ... 13 26 25]
[ 8  6  6 ... 15 24 23]
[16 15 21 ...  9  8  7]
[23 19 10 ...  6 19 41]
[ 9 12 11 ...  6 23 32]
[ 9  9 14 ... 25 17  7]
[ 0  5 13 ... 26 36 24]
[ 9  9  4 ...  8 10  9]
[11 14 14 ...  4  7 12]
[39 42 22 ... 16 15 41]
[18 16  8 ... 19 17 11]
[13 11 16 ... 38 27 20]
[ 7 13 24 ... 18  8 12]
[12 19 20 ... 25  9 10]
[10  6 16 ... 19 27 24]
[13 19 17 ...  4  9 16]
[ 9  9 18 ... 12  2  9]
[15 26 16 ... 17  9  8]
[ 8 21 20 ...  5  3  9]
[ 8  8 15 ... 13  9  9]
[23 23 31 ...  9  9 19]
[20 27 20 ... 14  9 17]
[24 16 13 ...  7 10  4]
[22 32 14 ... 18 22 19]
[ 8  8 23 ...  5  6  8]
[34 38 36 ... 14 16 15]
[13 23 14 ...  7 11 12]
[32 16  7 ... 13 19 13]
[21 22 20 ...  5  6 13]
[21 16 22 ... 28 22 12]
[14 25 21 ...  3 11 15]
[16 33 21 ... 18 20 22]
[24 28 47 ...  9  2 11]
[28 17 16 ...  7  4  7]
[12  8  9 ... 10  9 10]
[11 29 29 ... 24 15 17]
[30 10 14 ... 31 29 11]
[33  0  7 ... 25  9  9]
[18 31 31 ...  8  7 14]
[17  6 15 ... 29 55 34]
[25 33 30 ...  4 11  6]
[20 16 15 ... 48 58 31]
[19  7  8 ...  7 14 18]
[13 19 20 ... 13  3  9]
[ 5 34 46 ...  6 11 25]
[15 17 15 ... 55 25 12]
[26 23 20 ... 13 10  5]
[13 24 39 ... 19 15 16]
[ 5  3 14 ... 17 23 17]
[25 18 16 ... 14 10  9]
[ 8 12 25 ... 15 22 23]
[13 15  5 ...  8 15 15]
[ 6 10 18 ... 21 22 14]
[ 8  9 11 ... 18 11 16]
[12 19 16 ... 24  9 10]
[ 4  4  7 ... 34 34 16]
[10 11  7 ... 15 18 12]
[ 9 26 33 ... 27 22 31]
[13 19 28 ... 11 14  9]
[17 12  5 ... 11 10  8]
[ 8 15 14 ... 26 17 17]
[12 15 11 ... 19 15 15]
[13 11 11 ...  9 38 36]
[ 2  8 10 ... 16  9 24]
[18 23 17 ... 14 12 15]
[20 20 22 ...  1 19 24]
[30  7  3 ... 22 42 22]
[15 14  9 ... 18 13 13]
[ 9 14  6 ... 17 15 36]
[ 9 12  7 ... 17 21 24]
[20 33 30 ... 20 11 24]
[11 13 23 ... 33 21 20]
[19  8 11 ... 12  9 20]
[21 11 14 ... 11  6 26]
[10 25 25 ... 37 47 40]
[21 18 11 ... 10 14  7]
[30 17 21 ... 11 19 14]
[12 10  6 ...  7  4  4]
[21 23 26 ... 22 30 32]
[16 13 18 ... 20 21 20]
[21 14 10 ...  8  9 12]
[ 7 10 16 ...  8 13  8]
[ 7 12 18 ... 21 12  3]
[ 7 16 23 ... 10  8 13]
[13 28 42 ... 14 26 29]
[17 13 14 ... 19 10 10]
[27 38 22 ...  8 24 18]
[10 23 17 ...  6  7  7]
[22 27 24 ...  7  3  8]
[11  8 11 ... 10  8 10]
[18 27 28 ... 21 33 19]
[ 8  9 23 ...  8  7 14]
[24 13 17 ... 11 16 12]
[25  9  6 ...  6 25 37]
[13 25 29 ... 16 17  5]
[17 21 11 ... 12 18 12]
[ 7 10 15 ...  6 14 18]
[19 23 17 ...  2  3  6]
[25  8 10 ...  8 10 18]
[23 28 37 ... 16 10  3]
[74 39  9 ... 18 15 13]
[15 18 25 ...  5 17 13]
[10 13 14 ... 54 27 18]
[ 9 21 38 ... 14 17 11]
[15 18  9 ... 73 51  6]
[ 6 22 31 ...  4  8 10]
[18 14 10 ... 10  3 24]
[13 29 39 ... 10  9 10]
[13 10  6 ... 26 14  9]
[ 8 10 16 ... 16 10 22]
[15 25 29 ... 12 20 46]
[13 12 10 ... 13  8 13]
[14 10  4 ...  5 11  5]
[15 10  8 ...  2 16 33]
[12 15  9 ... 18 10  9]
[ 7  4 12 ... 14  9 11]
[10  9  8 ... 16 18 27]
[13 13 15 ... 44 36 38]
[13 16 10 ... 40 26 14]
[16 13 12 ... 13 22 18]
[20 13  8 ... 18 24 15]
[ 9 11 16 ... 10 17 30]
[18 22 18 ... 50 38 32]
[20 26 20 ... 17 14  4]
[ 9  8  8 ... 15 14 29]
[14 29 28 ... 33 24 23]
[ 6 17 37 ... 18 17 25]
[35 27  5 ... 35 26 22]
[ 6  7  4 ... 17 19 21]
[ 8 10  9 ... 14 23 16]
[10 35 43 ... 13 14 22]
[30 16 27 ... 11 14 23]
[28 33 18 ... 86 59 19]
[ 5 15 12 ... 12 18 15]
[ 8 12 21 ... 13 22 18]
[11  5 16 ... 45 51 61]
[21 15 17 ... 39 40  9]
[18 22 15 ... 13 20 15]
[11 13 15 ... 16 13  6]
[17  8  4 ...  6  7  7]
[20 21 16 ... 19 17 16]
[ 8 20 21 ... 11 18 13]
[10 14 17 ...  8 14 14]
[16 14 18 ...  2  5  8]
[14  7 13 ...  5  8 16]
[14 22 21 ...  9  6 17]
[23 12  8 ... 21 13  4]
[18 19 21 ... 11 31 17]
[16  4  7 ...  7 21 12]
[34 21  5 ... 20 21 18]
[12 17 34 ... 14 36 39]
[13 14 16 ... 10 12 11]
[ 8 26 38 ... 10  7 10]
[22 17  3 ...  9 11 16]
[18 12 14 ... 18 12 12]
[30 39 22 ... 41 50 38]
[15 16  9 ... 18 13 11]
[ 6  8 10 ...  8 11 13]
[13  8  3 ... 14 17 12]
[22  6  0 ...  6  5 10]
[41 28  8 ... 10 15 16]
[10 25  8 ...  7  6 13]
[30 24 10 ... 14 21 15]
[14 19  8 ... 43 22 13]
[ 6  7 19 ... 20  9 10]
[15 10 13 ... 19 32 34]
[45 45 32 ... 12 15 11]
[17  6  2 ... 19 16 18]
[ 8 38 36 ... 16 10 21]
[14  8 12 ... 19  7  1]
[15 11  9 ...  8 27 27]
[14 17  7 ... 32 40 26]
[27 22 13 ... 20 24 20]
[11  7 13 ... 14 11 11]
[ 7  3  5 ... 28 17 10]
[ 5  8 11 ... 19 13 18]
[26 22 10 ... 10 23 11]
[28  9  8 ... 15  4 15]
[ 6  9 12 ... 17 26 25]
[14 20 23 ... 32 26 16]
[19 20 21 ... 13  8 24]
[ 6  6 15 ... 17 16  7]
[23 12  9 ... 31 31 30]
[ 3 12 22 ... 32 34 36]
[ 6 10 17 ... 25 11  8]
[ 5  5 10 ... 16 28 18]
[10 13 21 ... 13 12  5]
[ 7 11 17 ... 17 10 15]
[25 26 11 ... 48 33 44]
[ 9  8  6 ... 15 14  7]
[21 10  7 ... 14 25 29]
[14 38 48 ... 30 27 13]
[ 7 21 10 ... 35 26 24]
[37 38  9 ... 22 14 37]
[11 15 14 ...  5 19 18]
[17 23 11 ... 29 21 13]
[ 9  5 21 ...  9 13  6]
[ 8 11 28 ... 14  9  1]
[16 17 27 ... 33 28 20]
[15 15 10 ...  9  8  8]
[ 9 12 15 ... 22  7  8]
[19 12 16 ...  5  2  3]
